742.6 154.15
742.146 154.8224
741.6887 155.5057
741.2388 156.1785
740.8029 156.827
740.3787 157.4579
739.9676 158.071
739.5514 158.6905
739.068 159.4031
738.5349 160.1906
738.0056 160.9763
737.4393 161.8204
736.8496 162.6965
736.2825 163.54
735.7369 164.3571
735.2029 165.1624
734.6774 165.955
734.1067 166.8087
733.5112 167.6917
732.9396 168.539
732.3912 169.3593
731.8677 170.1454
731.3752 170.8833
730.8963 171.5983
730.436 172.2846
729.989 172.9512
729.558 173.5945
729.113 174.2615
728.6306 174.9878
728.1037 175.782
727.5968 176.544
727.1011 177.2821
726.6023 178.0191
726.1168 178.7353
725.6235 179.4646
725.0853 180.2636
724.5017 181.1325
723.905 182.0212
723.3147 182.8991
722.7381 183.755
722.1484 184.6339
721.543 185.5419
720.9462 186.4373
720.3729 187.298
719.8397 188.1004
719.3447 188.8434
718.8832 189.5316
718.4229 190.2193
717.9374 190.9494
717.4389 191.7012
716.9222 192.4841
716.3807 193.3072
715.8335 194.1337
715.2856 194.9687
714.7216 195.8395
714.1198 196.78
713.4922 197.7688
712.8658 198.7591
712.2352 199.7585
711.6173 200.7439
711.0318 201.6802
710.4934 202.5401
709.9915 203.3384
709.5129 204.0954
709.0391 204.8468
708.5208 205.6788
707.9778 206.5565
707.4298 207.4341
706.8844 208.3023
706.3458 209.1593
705.7911 210.0358
705.2089 210.9518
704.6188 211.8795
704.037 212.7912
703.4883 213.6463
702.9778 214.4362
702.5009 215.1685
702.0182 215.8942
701.4958 216.6625
700.9443 217.4646
700.3577 218.314
699.74 219.2071
699.1218 220.1005
698.4941 221.0044
697.8529 221.9233
697.2236 222.824
696.5912 223.726
695.9246 224.6764
695.2234 225.6735
694.5197 226.6722
693.8608 227.6128
693.244 228.498
692.6772 229.3127
692.1243 230.1041
691.5612 230.9016
691.0008 231.6819
690.4319 232.4573
689.8372 233.2427
689.2202 234.026
688.5862 234.7966
687.9603 235.5267
687.3614 236.2004
686.7804 236.8323
686.2213 237.4248
685.6785 237.9915
685.0742 238.618
684.419 239.2921
683.7491 239.9758
683.0175 240.717
682.2596 241.481
681.5253 242.2216
680.8146 242.9417
680.1373 243.6252
679.4713 244.2872
678.7837 244.9578
677.9857 245.7078
677.0974 246.5091
676.1843 247.301
675.2964 248.0435
674.4528 248.7243
673.6013 249.3935
672.738 250.0639
671.8662 250.734
670.9985 251.3917
670.1616 252.0196
669.382 252.6017
668.6138 253.1723
667.8382 253.7467
667.0571 254.3238
666.246 254.9201
665.4256 255.5264
664.5911 256.1429
663.7046 256.7958
662.7916 257.4641
661.9063 258.1003
661.0076 258.7181
660.0809 259.3177
659.1587 259.873
658.2329 260.386
657.3051 260.8604
656.3672 261.3021
655.3643 261.7316
654.3116 262.1495
653.2723 262.5452
652.2667 262.9171
651.3279 263.2565
650.3965 263.5878
649.4415 263.9241
648.4927 264.2548
647.5222 264.5924
646.5164 264.9439
645.513 265.2947
644.4802 265.6547
643.4185 266.0231
642.3748 266.3828
641.3477 266.7366
640.3209 267.0915
639.2252 267.4707
638.1202 267.8531
637.0731 268.2142
636.0764 268.5557
635.1404 268.8753
634.2749 269.1708
633.4704 269.4483
632.6815 269.724
631.8782 270.0047
631.0742 270.2844
630.2939 270.5549
629.5255 270.8188
628.7563 271.0769
627.9534 271.3354
627.1498 271.584
626.3445 271.8236
625.5327 272.0583
624.6766 272.2979
623.7605 272.5462
622.8268 272.7932
621.8226 273.0578
620.7527 273.342
619.674 273.6288
618.6357 273.9035
617.6564 274.1589
616.7314 274.3999
615.8691 274.6272
615.0321 274.8502
614.2275 275.065
613.4435 275.2723
612.6687 275.4719
611.9127 275.6645
611.182 275.8511
610.4733 276.0331
609.7836 276.2108
609.0598 276.3948
608.2561 276.5963
607.4271 276.8036
606.5992 277.0124
605.7827 277.2234
604.9792 277.4344
604.2028 277.6394
603.3849 277.8547
602.4905 278.0883
601.5557 278.3302
600.6096 278.5735
599.6678 278.816
598.6747 279.0705
597.6423 279.3333
596.6312 279.5917
595.6572 279.8438
594.7062 280.0946
593.7619 280.3424
592.7903 280.5939
591.8422 280.8374
590.9421 281.0687
590.1019 281.286
589.2748 281.4998
588.377 281.7301
587.396 281.9821
586.3715 282.2448
585.3398 282.5075
584.3202 282.7655
583.3019 283.024
582.2764 283.2857
581.2799 283.5388
580.3264 283.7802
579.4354 284.0059
578.5596 284.2242
577.6674 284.444
576.7944 284.6588
575.9561 284.8672
575.1621 285.0677
574.3672 285.2689
573.525 285.4817
572.5654 285.7244
571.5649 285.9739
570.6338 286.2041
569.7871 286.4126
568.9551 286.6155
568.0636 286.8319
567.1359 287.0619
566.1231 287.3165
565.0641 287.5828
564.0363 287.8447
563.0197 288.1037
562.0118 288.3607
561.0542 288.6065
560.1039 288.8483
559.1338 289.091
558.1755 289.3299
557.1931 289.5752
556.1166 289.8435
554.9758 290.1272
553.8464 290.4089
552.7192 290.69
551.6023 290.9683
550.5413 291.235
549.498 291.4969
548.4425 291.761
547.429 292.0146
546.4813 292.2528
545.6078 292.4734
544.7845 292.6815
543.9889 292.8805
543.1976 293.0765
542.3992 293.2757
541.5227 293.4971
540.5583 293.7419
539.5593 293.9937
538.5684 294.2409
537.605 294.4802
536.6179 294.7244
535.5929 294.977
534.5723 295.2286
533.5671 295.4777
532.498 295.745
531.406 296.0191
530.3483 296.2838
529.3063 296.5439
528.3201 296.7908
527.4014 297.0219
526.5526 297.2368
525.7161 297.4481
524.8397 297.6672
523.943 297.8885
523.0196 298.117
522.078 298.3548
521.1242 298.5953
520.1315 298.8435
519.1599 299.0859
518.239 299.3157
517.2736 299.557
516.2942 299.8034
515.3391 300.0434
514.3792 300.2822
513.4526 300.5101
512.5166 300.739
511.5122 300.984
510.4612 301.2406
509.4307 301.4941
508.3941 301.7523
507.3437 302.0167
506.3199 302.2764
505.288 302.5371
504.2304 302.8014
503.1841 303.0614
502.119 303.3258
500.9988 303.6042
499.8114 303.8988
498.594 304.1998
497.4153 304.4901
496.3087 304.7616
495.2775 305.0138
494.2881 305.2575
493.3194 305.5005
492.3926 305.7362
491.5251 305.9586
490.6183 306.1877
489.6403 306.4294
488.6334 306.677
487.6463 306.9204
486.7014 307.1542
485.7383 307.3915
484.7325 307.6376
483.7223 307.8847
482.6816 308.1429
481.6092 308.4136
480.5509 308.6815
479.4717 308.9537
478.385 309.2266
477.3443 309.4861
476.3225 309.7398
475.2341 310.0081
474.0918 310.2889
472.9619 310.5708
471.8877 310.8447
470.8812 311.1074
469.915 311.3639
469.0065 311.6073
468.0948 311.8514
467.1198 312.113
466.1101 312.3824
465.095 312.6504
464.0901 312.9146
463.0957 313.1779
462.0746 313.4521
461.0234 313.7378
459.9877 314.0209
458.9686 314.3003
458.0056 314.5647
457.1052 314.8119
456.2585 315.0432
455.436 315.2665
454.6446 315.4803
453.8206 315.6998
452.9353 315.932
452.0267 316.1685
451.1362 316.4
450.2914 316.6202
449.4298 316.8419
448.4982 317.0787
447.5168 317.3279
446.5518 317.5744
445.5754 317.8234
444.571 318.0771
443.558 318.3314
442.5524 318.5862
441.5362 318.8455
440.4992 319.1101
439.4802 319.3695
438.4428 319.6333
437.3846 319.9036
436.3516 320.1707
435.3261 320.4452
434.2733 320.738
433.2059 321.0457
432.1877 321.3479
431.239 321.6373
430.3678 321.9092
429.5145 322.1772
428.6455 322.4488
427.7508 322.7293
426.7976 323.0299
425.8127 323.342
424.8425 323.6517
423.9283 323.9459
423.0118 324.2393
422.0331 324.5479
421.0045 324.8671
419.987 325.1783
418.9938 325.4701
418.0573 325.73
417.1169 325.9677
416.1559 326.1869
415.2143 326.3794
414.2934 326.5484
413.4161 326.6957
412.5265 326.8326
411.5848 326.9651
410.554 327.0827
409.4375 327.1735
408.2528 327.2348
407.0188 327.27
405.8303 327.2757
404.7431 327.2531
403.7261 327.1945
402.7466 327.0965
401.7672 326.9541
400.7628 326.7671
399.7658 326.551
398.7513 326.2923
397.7292 325.9753
396.7633 325.6208
395.8543 325.1985
394.9987 324.6968
394.223 324.1459
393.5306 323.567
392.8597 322.8937
392.2098 322.1531
391.6042 321.407
391.0243 320.6484
390.4447 319.8559
389.8752 319.0552
389.325 318.2656
388.7986 317.4927
388.2677 316.6908
387.7107 315.8247
387.1156 314.8731
386.5071 313.8777
385.9044 312.8727
385.3198 311.8858
384.7755 310.9549
384.2826 310.1004
383.8144 309.2811
383.3587 308.4818
382.923 307.719
382.5051 306.9944
382.1049 306.3091
381.6768 305.6076
381.1826 304.8543
380.6303 304.0716
380.032 303.2845
379.376 302.4837
378.687 301.6939
377.9679 300.9126
377.2345 300.1469
376.4832 299.3882
375.7022 298.6202
374.9197 297.8616
374.1565 297.1267
373.4197 296.4194
372.6924 295.722
371.9691 295.0287
371.277 294.3655
370.6307 293.7465
370.0036 293.1507
369.368 292.5565
368.712 291.9497
367.9916 291.2915
367.2602 290.6319
366.5444 289.9933
365.8546 289.3785
365.147 288.755
364.4007 288.1089
363.6459 287.463
362.8576 286.7997
362.0318 286.1163
361.2086 285.4387
360.3684 284.749
359.509 284.0457
358.6658 283.3577
357.8434 282.6865
357.0715 282.0544
356.346 281.4593
355.6532 280.8942
354.9529 280.3262
354.2353 279.7448
353.4868 279.1365
352.7015 278.4985
351.8347 277.7981
350.9525 277.0854
350.1393 276.4265
349.4093 275.8319
348.726 275.2753
348.0815 274.7528
347.4271 274.2227
346.7395 273.6643
346.0461 273.1
345.3347 272.5193
344.5886 271.9111
343.851 271.3126
343.1386 270.7349
342.4666 270.1878
341.8214 269.6614
341.1873 269.1483
340.5652 268.6478
339.9625 268.1642
339.3485 267.6698
338.6472 267.1017
337.8851 266.4937
337.15 265.9183
336.464 265.392
335.7623 264.8792
335.0284 264.3762
334.2592 263.8847
333.4585 263.4058
332.6157 262.9337
331.7188 262.4583
330.7937 261.9855
329.9388 261.5571
329.1288 261.1567
328.3419 260.7729
327.5632 260.4014
326.7233 260.0085
325.8125 259.5839
324.7939 259.1042
323.7537 258.613
322.7667 258.1512
321.8245 257.7188
320.903 257.3086
319.966 256.9102
319.0554 256.5402
318.1467 256.192
317.1666 255.8468
316.1272 255.509
315.0924 255.1935
314.0381 254.8879
312.9598 254.5849
311.9007 254.2916
310.8462 254.0074
309.7865 253.7332
308.758 253.4795
307.7705 253.2563
306.8459 253.0698
305.9532 252.9172
304.9833 252.7876
303.962 252.6837
302.9602 252.6057
301.9369 252.5469
300.8602 252.5006
299.722 252.462
298.529 252.4278
297.2931 252.3962
295.8624 252.3707
294.3287 252.353
292.7813 252.3428
291.3076 252.3385
289.9417 252.3383
288.6495 252.3484
287.4053 252.3757
286.2552 252.4172
285.157 252.4862
284.0794 252.5895
283.0466 252.7196
282.0495 252.8731
281.113 253.0375
280.1804 253.2214
279.2189 253.4277
278.2586 253.6431
277.3163 253.8586
276.3961 254.0683
275.4376 254.2878
274.4372 254.5196
273.4601 254.7485
272.4843 254.9812
271.4918 255.2242
270.5168 255.4713
269.5626 255.7225
268.6592 255.9678
267.8098 256.209
266.9106 256.4838
265.9853 256.7881
265.0886 257.1021
264.2486 257.4108
263.4544 257.7128
262.6891 258.0075
261.9289 258.3037
261.187 258.5968
260.4314 258.9009
259.5761 259.2524
258.664 259.6303
257.7363 260.0205
256.8101 260.419
255.8954 260.8274
254.9992 261.2536
254.0965 261.7125
253.1744 262.2071
252.2674 262.714
251.376 263.2319
250.4315 263.8038
249.4686 264.4016
248.55 264.9789
247.6052 265.5759
246.6228 266.1995
245.674 266.8065
244.7868 267.3759
243.9748 267.8966
243.1941 268.4063
242.3794 268.9604
241.5034 269.5938
240.6072 270.2797
239.7545 270.9645
238.9412 271.6446
238.1132 272.3641
237.243 273.1434
236.3447 273.9642
235.4592 274.7865
234.6104 275.5873
233.7789 276.3828
232.9473 277.1837
232.111 278.0035
231.26 278.8877
230.4572 279.7655
229.7335 280.5986
229.0969 281.382
228.5079 282.1701
227.9317 283.0017
227.3651 283.8621
226.8531 284.6619
226.3747 285.4258
225.9211 286.166
225.4953 286.8755
225.0907 287.5647
224.7072 288.2316
224.326 288.9202
223.9371 289.6594
223.5587 290.4109
223.198 291.1649
222.8615 291.9223
222.5272 292.7339
222.1854 293.6104
221.8507 294.5062
221.5175 295.4435
221.1854 296.4153
220.8689 297.3606
220.5704 298.2605
220.2874 299.1167
220.0114 299.9534
219.7471 300.7576
219.4749 301.5986
219.1909 302.495
218.9101 303.4037
218.6245 304.3604
218.3327 305.3721
218.0458 306.392
217.7713 307.3891
217.5128 308.3532
217.2538 309.3448
216.9906 310.3741
216.7345 311.3953
216.4905 312.386
216.2648 313.3155
216.0484 314.2425
215.8372 315.2007
215.6396 316.1596
215.4564 317.1135
215.291 318.0266
215.1404 318.9041
215.0009 319.7578
214.8669 320.6317
214.7374 321.5351
214.6128 322.4368
214.4942 323.3027
214.3785 324.1446
214.2593 325.0182
214.1417 325.9619
214.0377 327.0713
213.9608 328.2874
213.9162 329.5068
213.9042 330.6733
213.9182 331.7429
213.9543 332.7183
214.0126 333.6179
214.0952 334.4874
214.2022 335.3609
214.3276 336.2568
214.472 337.2133
214.6219 338.1667
214.7705 339.0914
214.9121 339.9645
215.0484 340.7966
215.1831 341.602
215.3234 342.42
215.4721 343.269
215.6301 344.1544
215.8204 345.1459
216.0471 346.2174
216.312 347.3322
216.6092 348.4512
216.9568 349.6138
217.3496 350.8062
217.7637 351.977
218.1879 353.1147
218.6228 354.2349
219.0578 355.3222
219.4489 356.2863
219.8058 357.1649
220.1434 357.9925
220.4639 358.7714
220.7777 359.5222
221.0941 360.2599
221.4248 361.0139
221.774 361.7983
222.1414 362.6207
222.5437 363.522
222.9664 364.4682
223.381 365.395
223.7703 366.2637
224.1662 367.146
224.5777 368.0621
224.9874 368.9737
225.3974 369.8821
225.809 370.7881
226.2047 371.6548
226.5756 372.4642
226.9261 373.2291
227.2569 373.9534
227.5849 374.6726
227.9551 375.4798
228.3573 376.3305
228.7547 377.1502
229.1324 377.9167
229.5109 378.6693
229.9385 379.5009
230.4128 380.4099
230.901 381.3374
231.3872 382.2523
231.85 383.1146
232.306 383.9592
232.7675 384.811
233.2204 385.6438
233.6895 386.5054
234.1769 387.4068
234.7056 388.3992
235.2406 389.4067
235.7294 390.3287
236.1653 391.1537
236.5895 391.9724
237.0406 392.8721
237.5023 393.8246
237.9571 394.7954
238.3595 395.6843
238.7149 396.5222
239.0365 397.3981
239.3179 398.3298
239.5376 399.2705
239.6956 400.1751
239.8024 401.0256
239.871 401.8232
239.9128 402.5776
239.9364 403.3412
239.9482 404.1447
239.9408 405.0215
239.9118 405.9112
239.8557 406.7942
239.7646 407.6648
239.6162 408.5765
239.403 409.5279
239.1302 410.4609
238.8035 411.3474
238.4436 412.164
238.0206 412.9473
237.5216 413.7167
236.9728 414.444
236.3811 415.1298
235.7452 415.7814
235.0293 416.4205
234.2523 417.0381
233.4653 417.6116
232.7063 418.1298
231.9231 418.6359
231.0887 419.1533
230.2323 419.6643
229.394 420.1517
228.5658 420.6233
227.7342 421.0845
226.9153 421.5262
226.1182 421.9428
225.3062 422.3493
224.5072 422.7333
223.7276 423.0945
222.9656 423.4373
222.2202 423.7627
221.4989 424.0685
220.7577 424.376
219.9257 424.7188
219.0183 425.0917
218.1118 425.4631
217.2489 425.8148
216.4441 426.1405
215.6353 426.4681
214.7824 426.8148
213.9112 427.168
213.0081 427.5363
212.0947 427.9139
211.2175 428.2819
210.343 428.6551
209.4468 429.0443
208.5589 429.4363
207.6531 429.8444
206.6777 430.2887
205.6653 430.7514
204.5786 431.2489
203.4971 431.7429
202.4945 432.1993
201.5528 432.6268
200.6381 433.0398
199.6925 433.4681
198.7359 433.9052
197.8214 434.327
196.9671 434.7246
196.1775 435.0952
195.4022 435.4662
194.6046 435.8555
193.817 436.2444
193.0358 436.6328
192.2811 437.0093
191.5118 437.3959
190.7109 437.8004
189.8776 438.2179
189.0231 438.6415
188.1736 439.0628
187.3631 439.4682
186.5237 439.888
185.6296 440.3322
184.7187 440.7853
183.8144 441.2366
182.9248 441.6794
182.0347 442.1177
181.1405 442.5504
180.2752 442.9631
179.4616 443.3472
178.692 443.7105
177.9658 444.056
177.2231 444.4053
176.4353 444.7731
175.6459 445.1428
174.878 445.5048
174.1367 445.8535
173.4142 446.1904
172.7145 446.5126
171.9977 446.843
171.2116 447.2055
170.3687 447.5911
169.5682 447.9563
168.7908 448.3139
167.9995 448.6804
167.1825 449.0585
166.3735 449.434
165.5994 449.7954
164.8457 450.1495
164.0967 450.5012
163.3168 450.8661
162.4901 451.2528
161.6667 451.6388
160.8719 452.0114
160.0816 452.3813
159.2779 452.759
158.4216 453.1641
157.5133 453.5965
156.602 454.032
155.7154 454.4581
154.8816 454.8618
154.0876 455.2478
153.3158 455.6211
152.5118 456.0055
151.6616 456.4103
150.8188 456.813
149.9772 457.2148
149.1161 457.625
148.2644 458.0333
147.4139 458.445
146.5954 458.8447
145.7744 459.251
144.9441 459.6693
144.1393 460.0813
143.3748 460.4781
142.5577 460.9093
141.7135 461.3684
140.8895 461.8277
140.1126 462.2672
139.3201 462.7176
138.4909 463.1889
137.6618 463.6629
136.8428 464.1334
135.956 464.6431
135.0303 465.1715
134.0828 465.7102
133.111 466.2603
132.1477 466.797
131.1887 467.3214
130.2087 467.8517
129.2464 468.3653
128.301 468.8627
127.3796 469.3433
126.4471 469.8276
125.5922 470.2713
124.792 470.6882
124.0018 471.1027
123.2369 471.5061
122.4412 471.9221
121.5963 472.36
120.744 472.8075
119.9194 473.2449
119.1148 473.6753
118.3202 474.1073
117.5477 474.5284
116.78 474.9454
115.9794 475.3849
115.157 475.8377
114.3385 476.2888
113.5554 476.7209
112.7948 477.14
112.0663 477.5405
111.3689 477.923
110.6696 478.3071
109.9494 478.7068
109.2253 479.1072
108.4861 479.509
107.7246 479.9141
106.9323 480.3251
106.1168 480.7402
105.3186 481.1422
104.5191 481.5383
103.6551 481.9597
102.7268 482.4069
101.6955 482.8964
100.6445 483.3783
99.6147 483.8095
98.55154 484.1653
97.43239 484.4328
96.29826 484.6188
95.17947 484.7394
94.08794 484.8119
93.02393 484.8512
91.94128 484.8678
90.78766 484.8598
89.59206 484.8256
88.42593 484.7684
87.28186 484.6641
86.17102 484.4834
85.04572 484.1761
83.97979 483.7623
83.00211 483.251
82.09212 482.6469
81.25638 481.9903
80.49352 481.3013
79.81503 480.6167
79.1962 479.9099
78.61185 479.1563
78.06908 478.3833
77.56976 477.6101
77.10126 476.8303
76.6357 476.0099
76.17484 475.1642
75.734 474.3229
75.32731 473.517
74.92215 472.6852
74.49952 471.7996
74.07056 470.8948
73.63322 469.9649
73.18814 469.0098
72.75304 468.0715
72.33919 467.1766
71.95444 466.3435
71.59477 465.5597
71.25919 464.8209
70.92703 464.0858
70.58305 463.3269
70.24016 462.5719
69.90824 461.8414
69.55287 461.0615
69.16879 460.2198
68.76508 459.328
68.34004 458.3807
67.88102 457.3516
67.41707 456.3028
66.96992 455.2787
66.53677 454.2699
66.10674 453.2561
65.68569 452.2657
65.2576 451.2561
64.81995 450.2168
64.3691 449.1526
63.95409 448.1749
63.57132 447.2648
63.20996 446.4033
62.86929 445.5961
62.5218 444.772
62.16116 443.9169
61.80493 443.0757
61.45002 442.2319
61.08284 441.3492
60.70969 440.4509
60.33893 439.5611
59.98452 438.7135
59.63551 437.8712
59.28408 437.0129
58.93935 436.1716
58.60627 435.3614
58.28965 434.5934
57.97711 433.8395
57.67155 433.1073
57.36596 432.3793
57.06546 431.6661
56.7537 430.926
56.41308 430.1089
56.04867 429.2232
55.68347 428.3278
55.32085 427.4366
54.95728 426.5463
54.59266 425.6483
54.19913 424.6426
53.7944 423.5565
53.40905 422.4683
53.0526 421.4043
52.70316 420.2908
52.37193 419.1733
52.06603 418.0777
51.7797 416.9962
51.51268 415.96
51.25349 414.9251
50.99726 413.8746
50.74849 412.8463
50.49206 411.7768
50.22775 410.6596
49.95756 409.5048
49.68444 408.3391
49.40531 407.115
49.14204 405.8673
48.92589 404.6667
48.76894 402.6188
48.66979 400.1677
48.61763 397.7819
48.59929 395.7031
48.60922 393.9092
48.64045 392.3473
48.6838 390.9993
48.739 389.7849
48.81283 388.6144
48.89971 387.5192
48.9949 386.5156
49.10031 385.5632
49.216 384.628
49.3363 383.7274
49.45633 382.8772
49.57727 382.0637
49.70243 381.2723
49.83388 380.4697
49.96469 379.676
50.09442 378.8855
50.22545 378.0919
50.35992 377.2957
50.49528 376.5167
50.64278 375.6928
50.80753 374.8015
50.98527 373.8861
51.18894 372.9068
51.42014 371.8604
51.67553 370.7584
51.94241 369.6443
52.21098 368.5487
52.47958 367.4641
52.74946 366.3763
53.01225 365.3182
53.27973 364.252
53.56255 363.1482
53.85451 362.0443
54.15095 360.9653
54.44826 359.9189
54.73204 358.9366
55.00674 357.9955
55.28193 357.0738
55.57081 356.1459
55.88347 355.1962
56.21293 354.2621
56.58877 353.306
57.01882 352.338
57.49548 351.3937
58.01679 350.4993
58.59578 349.6479
59.22968 348.8338
59.88088 348.0812
60.53502 347.3846
61.16854 346.747
61.81558 346.1495
62.50903 345.5866
63.21953 345.0792
63.99484 344.6237
64.83961 344.2203
65.70273 343.8766
66.56207 343.5924
67.3914 343.3632
68.25756 343.168
69.22408 342.9922
70.26917 342.8338
71.32043 342.6974
72.33302 342.5825
73.27658 342.4864
74.15015 342.4051
74.9619 342.3346
75.72867 342.2735
76.50312 342.2181
77.35641 342.1638
78.19114 342.1136
79.02242 342.0649
79.87372 342.0166
80.75551 341.9691
81.70891 341.921
82.70805 341.8732
83.68457 341.828
84.65219 341.7859
85.63744 341.7455
86.6529 341.7038
87.72334 341.6583
88.81451 341.6105
89.9285 341.5594
91.08012 341.5041
92.28701 341.4436
93.53806 341.379
94.83199 341.3108
96.15065 341.2404
97.45145 341.1657
98.77908 341.0768
100.1211 340.9694
101.377 340.8552
102.5732 340.7339
103.7122 340.6074
104.8142 340.4721
105.916 340.3252
106.9978 340.1772
108.035 340.0352
109.0199 339.8997
109.9477 339.771
110.8123 339.6503
111.6705 339.5296
112.5595 339.4053
113.4396 339.284
114.3596 339.1638
115.3284 339.0436
116.2979 338.9235
117.2746 338.7992
118.2677 338.6694
119.2281 338.5421
120.1928 338.4165
121.2183 338.2849
122.2847 338.1486
123.3268 338.0175
124.3546 337.889
125.371 337.7606
126.3571 337.6336
127.3253 337.5064
128.267 337.3796
129.1585 337.2565
130.0351 337.1333
130.9948 336.9973
131.9915 336.8516
132.9461 336.7087
133.8322 336.5743
134.735 336.4347
135.6973 336.2825
136.6867 336.1226
137.6616 335.9612
138.7023 335.7832
139.7768 335.5984
140.8433 335.4145
141.9111 335.2291
142.9506 335.0484
144.0204 334.8641
145.1168 334.6777
146.1858 334.4983
147.2528 334.3165
148.3769 334.1223
149.5343 333.9228
150.6575 333.7315
151.7737 333.5431
152.8816 333.3564
153.9373 333.1781
154.97 333.0029
156.047 332.8193
157.201 332.6205
158.3971 332.4118
159.5633 332.2053
160.6754 332.005
161.7339 331.8111
162.7856 331.6104
163.8556 331.3962
164.8849 331.1832
165.8858 330.9686
166.8792 330.7467
167.875 330.5102
168.9303 330.2396
169.9698 329.9589
170.9433 329.6797
171.8329 329.4073
172.6542 329.138
173.4275 328.867
174.225 328.5678
175.0793 328.2264
175.9338 327.8688
176.7707 327.5027
177.5864 327.1276
178.3884 326.7354
179.1545 326.3388
179.8762 325.9404
180.5512 325.5326
181.2071 325.0936
181.837 324.6364
182.455 324.1564
183.0713 323.651
183.7268 323.0823
184.4231 322.4424
185.1346 321.7527
185.7821 321.0953
186.3731 320.446
186.9116 319.7945
187.3974 319.1498
187.8398 318.5044
188.2433 317.8643
188.626 317.2057
189.0052 316.5047
189.3713 315.7916
189.7177 315.0899
190.0554 314.3777
190.423 313.5627
190.7989 312.6741
191.1619 311.749
191.5069 310.8024
191.8217 309.8859
192.1152 308.969
192.3972 308.0226
192.6636 307.0758
192.9259 306.0842
193.1871 305.0486
193.4419 304.0215
193.6789 303.0439
193.8916 302.1371
194.0851 301.2592
194.2652 300.3531
194.4257 299.4565
194.5687 298.5662
194.7051 297.6333
194.8382 296.6212
194.9626 295.5345
195.0659 294.4308
195.1408 293.0239
195.1836 291.422
195.2 289.8538
195.1971 288.4444
195.1812 287.2236
195.1568 286.171
195.1248 285.2075
195.0861 284.2753
195.043 283.3846
194.9947 282.5441
194.9336 281.7052
194.8606 280.8842
194.7719 280.0711
194.66 279.2581
194.5004 278.376
194.2902 277.4214
194.0494 276.4494
193.7859 275.4769
193.5046 274.5104
193.2054 273.5478
192.8803 272.5588
192.5432 271.5664
192.1911 270.5668
191.8423 269.6123
191.5005 268.7122
191.1652 267.8592
190.8314 267.0369
190.4583 266.1478
190.0611 265.2141
189.6627 264.2897
189.267 263.3787
188.8904 262.5127
188.5353 261.6954
188.2028 260.929
187.858 260.1349
187.485 259.2787
187.0971 258.3949
186.7065 257.5084
186.322 256.6295
185.9448 255.7599
185.5709 254.8993
185.178 253.993
184.7445 252.9902
184.2911 251.9422
183.8527 250.9308
183.429 249.956
182.995 248.9589
182.5576 247.9543
182.1589 247.0361
181.7884 246.1738
181.4368 245.3524
181.1035 244.5769
180.7596 243.777
180.3925 242.9214
180.0162 242.0447
179.6207 241.1212
179.2072 240.1514
178.7966 239.1827
178.4003 238.2358
178.0327 237.3434
177.6924 236.5035
177.3723 235.7044
177.064 234.9259
176.7696 234.175
176.4618 233.3915
176.1289 232.5532
175.7863 231.699
175.424 230.8055
175.051 229.8886
174.6774 228.9662
174.309 228.0478
173.9556 227.1628
173.6239 226.3322
173.3097 225.5423
173.0136 224.7925
172.7238 224.0526
172.4271 223.2908
172.1312 222.5314
171.8431 221.7946
171.5522 221.0525
171.2652 220.3199
170.9778 219.5894
170.6835 218.8551
170.3765 218.0972
170.0708 217.3427
169.7679 216.5907
169.4656 215.8376
169.1583 215.0664
168.8147 214.1933
168.451 213.2612
168.0932 212.3322
167.7476 211.41
167.4276 210.528
167.1292 209.6359
166.8507 208.6999
166.6037 207.75
166.3857 206.7754
166.2 205.812
166.0327 204.7946
165.8777 203.7312
165.7396 202.6813
165.6246 201.6527
165.5377 200.6402
165.4777 199.5962
165.4401 198.4956
165.4189 197.3771
165.4331 196.2594
165.4996 195.1385
165.6201 194.0525
165.8104 192.9664
166.0606 191.8922
166.3418 190.8794
166.6398 189.939
166.9412 189.0783
167.2704 188.2229
167.6388 187.3459
168.0226 186.4921
168.4529 185.6581
168.9444 184.8487
169.5744 184.0472
170.3567 183.264
171.2377 182.5278
172.1356 181.8731
173.0843 181.2741
174.0941 180.7107
175.1207 180.1828
176.1188 179.6952
177.0696 179.2466
177.956 178.8378
178.7728 178.4665
179.5456 178.1193
180.3858 177.7464
181.2832 177.3505
182.1796 176.9554
183.1253 176.5393
184.1344 176.0996
185.1663 175.6576
186.1057 175.2617
186.9752 174.9062
187.8021 174.5832
188.5866 174.2913
189.3946 174.01
190.2949 173.7115
191.2896 173.3951
192.3693 173.0637
193.4823 172.7289
194.5526 172.4069
195.5955 172.0948
196.6767 171.7738
197.7986 171.4439
198.8808 171.1294
199.9188 170.8263
200.9224 170.5333
201.8968 170.2533
202.8855 169.9784
203.8808 169.7078
204.8479 169.4489
205.77 169.2059
206.6717 168.9711
207.5337 168.7481
208.3546 168.5377
209.1328 168.3405
209.8926 168.1497
210.7451 167.9367
211.6745 167.7048
212.6076 167.4734
213.6114 167.2274
214.6432 166.9752
215.6374 166.7313
216.6774 166.4747
217.7423 166.2108
218.7652 165.9559
219.8267 165.6893
220.9014 165.4199
221.9333 165.1639
222.9289 164.921
223.8804 164.6927
224.7706 164.4818
225.6264 164.2829
226.4716 164.0931
227.3632 163.9088
228.3207 163.7364
229.3178 163.585
230.3306 163.4568
231.3043 163.3518
232.2246 163.2685
233.1255 163.2029
234.0155 163.1509
234.9139 163.1082
235.8077 163.0743
236.6684 163.0486
237.4843 163.0299
238.2569 163.0166
238.9943 163.0072
239.7469 163.0004
240.5435 162.9951
241.3488 162.9908
242.1361 162.9873
242.8954 162.9842
243.6272 162.9815
244.3365 162.979
245.0294 162.9767
245.7108 162.9744
246.3847 162.9722
247.0538 162.97
247.7612 162.9677
248.5289 162.9652
249.3162 162.9626
250.0925 162.9601
250.8452 162.9576
251.637 162.9567
252.4813 162.9579
253.3721 162.9614
254.298 162.9668
255.2485 162.9736
256.2565 162.9818
257.3369 162.9912
258.4442 163.0013
259.5451 163.0115
260.6545 163.0239
261.7437 163.0428
262.7656 163.0679
263.7027 163.0974
264.6021 163.1322
265.4999 163.1724
266.3719 163.2148
267.2427 163.2595
268.165 163.3086
269.1623 163.3619
270.195 163.4188
271.1938 163.4764
272.1248 163.5331
273.0276 163.5884
273.9324 163.6422
274.8136 163.6931
275.6522 163.7405
276.478 163.7871
277.3545 163.8391
278.3198 163.8999
279.3625 163.9672
280.3946 164.0334
281.397 164.0967
282.3724 164.1586
283.3528 164.2207
284.341 164.2828
285.3248 164.3441
286.297 164.4045
287.2581 164.4666
288.2172 164.5335
289.18 164.6063
290.1456 164.6863
291.1119 164.7773
292.0667 164.8783
293.0045 164.9868
293.9588 165.1057
294.8881 165.2273
295.7896 165.3507
296.7108 165.485
297.67 165.6307
298.7311 165.7932
299.8996 165.9693
301.1079 166.1491
302.2668 166.3231
303.392 166.4921
304.5428 166.6649
305.7107 166.8413
306.84 167.0136
307.9142 167.1784
308.9063 167.3306
309.8574 167.4779
310.8251 167.6248
311.8019 167.7716
312.7417 167.9142
313.6804 168.0598
314.6937 168.218
315.7608 168.3847
316.8006 168.5473
317.7834 168.7017
318.7081 168.8477
319.6411 168.9954
320.6106 169.1487
321.5808 169.3017
322.5427 169.4593
323.4597 169.6188
324.3419 169.784
325.2911 169.9763
326.2795 170.1849
327.2825 170.4053
328.3013 170.6389
329.2978 170.8749
330.2928 171.115
331.2863 171.3551
332.2772 171.5952
333.2629 171.836
334.2616 172.0813
335.2873 172.3341
336.3026 172.5871
337.3543 172.8498
338.445 173.1212
339.5248 173.3904
340.6123 173.6606
341.7163 173.933
342.7976 174.1992
343.8871 174.4688
344.9854 174.7428
346.0479 175.0088
347.0747 175.2628
348.0363 175.4951
348.9315 175.7079
349.77 175.911
350.6196 176.1178
351.576 176.3504
352.6152 176.6047
353.66 176.8616
354.7268 177.1269
355.8196 177.4024
356.9358 177.6864
358.0615 177.9782
359.2032 178.2834
360.29 178.5822
361.3275 178.876
362.3915 179.1907
363.4747 179.5251
364.5212 179.8601
365.4908 180.1776
366.4097 180.4824
367.3418 180.7939
368.2856 181.1113
369.2604 181.4377
370.2911 181.7805
371.3413 182.13
372.2974 182.4491
373.1829 182.7463
374.0281 183.033
374.8292 183.3078
375.6047 183.5768
376.4568 183.8752
377.3571 184.189
378.2793 184.5094
379.2492 184.8454
380.2034 185.1745
381.1164 185.4871
381.9857 185.7812
382.8386 186.0677
383.6975 186.3562
384.5375 186.6394
385.3382 186.9104
386.1385 187.1817
386.9221 187.4471
387.6905 187.7078
388.4481 187.9686
389.217 188.2345
389.9771 188.4956
390.7307 188.7531
391.5733 189.0404
392.4753 189.3467
393.3463 189.6421
394.1598 189.9181
395.0001 190.2055
395.8951 190.5146
396.806 190.8316
397.7205 191.1559
398.7067 191.5172
399.7105 191.8914
400.6581 192.2513
401.5259 192.5882
402.3803 192.927
403.2673 193.2846
404.1644 193.6528
405.0518 194.0219
405.9223 194.385
406.7666 194.7368
407.5675 195.07
408.3875 195.4104
409.3041 195.7888
410.2963 196.1958
411.2929 196.6034
412.2892 197.0091
413.277 197.4123
414.212 197.7965
415.0923 198.161
415.9299 198.5079
416.8045 198.8687
417.7668 199.2647
418.7877 199.685
419.7971 200.1015
420.782 200.5125
421.8127 200.9512
422.8398 201.387
423.8317 201.8029
424.8083 202.208
425.7344 202.5894
426.6066 202.9485
427.5242 203.3287
428.4673 203.7174
429.3661 204.0866
430.1978 204.4286
430.9747 204.7515
431.7042 205.0593
432.4647 205.3826
433.2841 205.7303
434.1249 206.0855
434.9707 206.4424
435.7872 206.7879
436.5762 207.1238
437.3462 207.4552
438.1184 207.7885
438.8745 208.1129
439.6548 208.4472
440.4929 208.8067
441.3599 209.1785
442.2969 209.5808
443.295 210.0103
444.2985 210.4416
445.2589 210.8522
446.1483 211.2296
446.9796 211.5795
447.862 211.9486
448.7816 212.3338
449.6673 212.7089
450.4914 213.0634
451.3064 213.4122
452.1438 213.7679
453.0762 214.1644
454.0472 214.5714
454.9576 214.9499
455.7877 215.2945
456.6084 215.6367
457.4723 215.998
458.3604 216.3677
459.2565 216.7382
460.1515 217.1068
461.069 217.4837
462.074 217.8956
463.0991 218.315
464.0527 218.7066
464.9157 219.064
465.736 219.4043
466.6218 219.7688
467.545 220.1466
468.4263 220.5053
469.2437 220.8359
470.0208 221.1518
470.7591 221.4561
471.5185 221.7715
472.3391 222.1126
473.1919 222.4682
474.0545 222.8269
474.9168 223.179
475.8182 223.538
476.7705 223.9084
477.7314 224.274
478.7443 224.6522
479.7947 225.0395
480.8254 225.4146
481.8328 225.7791
482.8898 226.1616
483.9812 226.557
485.0457 226.9421
486.0721 227.3112
487.0671 227.6658
488.0442 228.0121
489.086 228.3793
490.1816 228.7663
491.2818 229.1585
492.2737 229.5133
493.1852 229.8367
494.0759 230.1465
495.0093 230.4603
496.0254 230.785
497.1549 231.1235
498.3474 231.4609
499.5196 231.7759
500.6448 232.0602
501.7248 232.3133
502.7433 232.5381
503.683 232.7371
504.5694 232.9225
505.5147 233.1228
506.4983 233.3262
507.5164 233.5327
508.5644 233.7451
509.5963 233.9538
510.6335 234.1566
511.7151 234.3547
512.8208 234.5399
513.8893 234.6948
514.9221 234.818
515.9733 234.9161
517.0745 234.9967
518.1909 235.0643
519.3098 235.1222
520.4125 235.1722
521.4081 235.2131
522.3381 235.247
523.207 235.2754
524.02 235.2995
524.7867 235.3204
525.5184 235.3392
526.2252 235.3566
526.915 235.3731
527.5941 235.389
528.3065 235.4055
529.0753 235.4233
529.8616 235.4417
530.6362 235.4598
531.4286 235.4785
532.2586 235.4981
533.1301 235.5187
534.038 235.5403
534.9326 235.5615
535.7852 235.5818
536.6471 235.5995
537.5364 235.6124
538.4958 235.6193
539.5413 235.6205
540.6664 235.6173
541.8553 235.6107
543.0497 235.6023
544.2142 235.5929
545.3792 235.5827
546.4435 235.5693
547.4347 235.5433
548.4148 235.4944
549.4213 235.4212
550.5197 235.3219
551.6235 235.207
552.6364 235.0912
553.5469 234.9797
554.3836 234.8685
555.1638 234.756
555.9849 234.6212
556.8854 234.455
557.8274 234.2673
558.8147 234.0592
559.8353 233.8339
560.8359 233.6013
561.8154 233.3628
562.7817 233.1195
563.7143 232.8799
564.6307 232.6414
565.5583 232.3947
566.5519 232.1228
567.5406 231.8473
568.4909 231.5777
569.3948 231.3145
570.3152 231.0351
571.3174 230.716
572.3699 230.369
573.3995 230.0218
574.3952 229.6786
575.3253 229.3515
576.2458 229.0231
577.1791 228.6853
578.0894 228.3456
578.9681 228.004
579.7953 227.6693
580.6177 227.328
581.4703 226.973
582.3287 226.6231
583.1992 226.2944
584.049 226.0055
584.8882 225.7599
585.7703 225.5571
586.6942 225.3914
587.6486 225.2665
588.663 225.1809
589.7496 225.1284
590.9036 225.1011
592.1206 225.101
593.3395 225.1306
594.5634 225.1928
595.7715 225.2909
596.9452 225.4511
598.1053 225.7157
599.2725 226.1256
600.4009 226.6507
601.4271 227.232
602.34 227.8451
603.1341 228.4575
603.8728 229.1253
604.5803 229.8609
605.2382 230.6267
605.8391 231.4016
606.3746 232.1544
606.8687 232.9286
607.3558 233.7765
607.8477 234.6881
608.3345 235.6024
608.8296 236.5001
609.394 237.4386
610.0212 238.3702
610.6738 239.2275
611.3504 240.0086
612.0397 240.7026
612.7571 241.3231
613.524 241.8719
614.4205 242.3619
615.4614 242.7901
616.5785 243.1464
617.6771 243.4184
618.7001 243.6138
619.633 243.7486
620.4851 243.8394
621.3454 243.8906
622.2472 243.9073
623.1438 243.9005
624.0228 243.8754
624.8839 243.8312
625.7519 243.763
626.5992 243.6759
627.4298 243.5708
628.2509 243.4467
629.0836 243.2983
629.9005 243.1335
630.7445 242.9404
631.634 242.7122
632.5272 242.4549
633.4271 242.1624
634.2936 241.8533
635.1096 241.5366
635.8732 241.2106
636.5986 240.8729
637.2878 240.5301
638.0119 240.1486
638.7977 239.7168
639.6942 239.2081
640.6262 238.6681
641.4896 238.1624
642.3008 237.6816
643.1194 237.185
643.9487 236.674
644.7582 236.1671
645.5212 235.6816
646.2484 235.2071
646.9344 234.747
647.5914 234.2958
648.2203 233.8564
648.8464 233.4148
649.559 232.909
650.3349 232.3461
651.1044 231.7762
651.8312 231.2296
652.5077 230.7047
653.2144 230.1215
653.9321 229.486
654.6174 228.8383
655.2494 228.208
655.8376 227.5937
656.3855 227.0013
656.928 226.3924
657.4839 225.7492
658.0334 225.1021
658.5751 224.4582
659.0983 223.834
659.6207 223.2045
660.2034 222.4883
660.8271 221.7092
661.422 220.9573
661.9694 220.2583
662.4902 219.5855
663.0092 218.9067
663.5148 218.2356
663.9968 217.5863
664.4783 216.9308
664.976 216.2511
665.4957 215.5383
666.0873 214.722
666.7341 213.8265
667.3899 212.9201
668.0377 212.0275
668.6473 211.1896
669.2162 210.4071
669.7499 209.667
670.2627 208.9483
670.7653 208.2371
671.2661 207.5218
671.774 206.7899
672.2712 206.0663
672.7439 205.3713
673.2044 204.6868
673.6481 204.0215
674.1119 203.3228
674.6168 202.5594
675.1407 201.759
675.6599 200.9519
676.1583 200.1514
676.6484 199.3136
677.1391 198.4129
677.621 197.4772
678.0869 196.5244
678.5423 195.5403
678.9724 194.5464
679.3574 193.5168
679.6695 192.4324
679.9037 191.2883
680.0698 190.1327
680.1831 188.9978
680.2584 187.895
680.308 186.8235
680.3409 185.736
680.3536 184.6308
680.3418 183.5274
680.3101 182.483
680.2528 181.4726
680.171 180.4808
680.0752 179.5385
679.9638 178.6152
679.8221 177.6327
679.6438 176.5586
679.4406 175.4412
679.231 174.3607
679.0187 173.3216
678.7944 172.2711
678.5564 171.1766
678.3026 170.0117
678.0496 168.8183
677.8195 167.6831
677.6307 166.5883
677.4897 165.4829
677.3923 164.3386
677.3294 163.1489
677.2917 161.919
677.2736 160.6786
677.2739 159.4883
677.2987 158.3567
677.3654 157.1935
677.4858 156.0344
677.6567 154.9567
677.8644 153.9883
678.1115 153.0937
678.4 152.2397
678.7265 151.409
679.0885 150.5867
679.4812 149.7652
679.8879 148.9624
680.2904 148.2002
680.7101 147.4452
681.1581 146.6775
681.6124 145.9251
682.0777 145.1662
682.566 144.3773
683.0516 143.5996
683.5305 142.8353
683.9886 142.1028
684.4326 141.3938
684.8741 140.7008
685.3436 139.9689
685.8398 139.195
686.332 138.4267
686.814 137.6763
687.2885 136.9445
687.7969 136.1733
688.3431 135.3559
688.8948 134.5343
689.4694 133.6868
690.0737 132.8064
690.666 131.9513
691.2261 131.148
691.7502 130.399
692.2845 129.6355
692.8485 128.8268
693.421 128.0015
693.9987 127.1701
694.5554 126.3744
695.1084 125.5891
695.6696 124.7954
696.2189 124.019
696.7872 123.2174
697.3843 122.3741
697.992 121.5106
698.5773 120.6762
699.1218 119.8994
699.6349 119.1701
700.1179 118.4876
700.6006 117.8091
701.1179 117.0791
701.6884 116.2719
702.2875 115.4272
702.8945 114.5786
703.4981 113.7422
704.0801 112.9412
704.6255 112.1945
705.1655 111.461
705.7238 110.7099
706.2844 109.9623
706.8743 109.1832
707.4989 108.3637
708.1266 107.5393
708.7751 106.6853
709.4387 105.8085
710.0829 104.9506
710.6973 104.126
711.2675 103.356
711.8015 102.6307
712.3099 101.9352
712.8214 101.2328
713.348 100.5105
713.8947 99.7655
714.4992 98.94323
715.1708 98.03027
715.8741 97.07633
716.5573 96.15234
717.2004 95.28327
717.7896 94.48662
718.345 93.73137
718.9335 92.92154
719.5435 92.0695
720.1089 91.26599
720.6405 90.49581
721.1602 89.73586
721.6645 88.99728
722.1449 88.2952
722.6018 87.62307
723.034 86.97913
723.4895 86.29954
723.9807 85.56903
724.4771 84.82349
724.9843 84.05457
725.5422 83.20784
726.1546 82.28368
726.801 81.3143
727.4509 80.34492
728.0353 79.47533
728.5692 78.68094
729.1142 77.86674
729.6877 77.00827
730.2695 76.14409
730.8425 75.30234
731.3997 74.49281
731.9664 73.67453
732.5401 72.84636
733.0969 72.04623
733.6219 71.29836
734.118 70.594
734.5845 69.92996
735.038 69.28123
735.5433 68.55551
736.0887 67.77329
736.6213 67.01056
737.1216 66.29449
737.5934 65.61873
738.104 64.88524
738.6459 64.10271
739.215 63.28745
739.8118 62.44963
740.4106 61.63115
741.0239 60.82881
741.7084 59.99847
742.5023 59.11764
743.3568 58.23257
744.1975 57.40278
744.9876 56.6556
745.7139 55.9952
746.4329 55.36769
747.2261 54.70912
748.0774 54.03392
748.9274 53.38833
749.7945 52.78521
750.7011 52.22996
751.62 51.74684
752.5953 51.33681
753.6238 51.0027
754.6509 50.75312
755.6249 50.57911
756.5266 50.46454
757.36 50.39304
758.1381 50.351
758.8757 50.32827
759.6268 50.31833
760.4215 50.31675
761.2252 50.32004
762.0112 50.32594
762.7697 50.33317
763.5009 50.34103
764.2098 50.34916
764.9025 50.35741
765.5837 50.3657
766.2575 50.374
766.9348 50.40298
767.6505 50.47363
768.4076 50.60062
769.1669 50.77489
769.9495 51.00915
770.7218 51.28378
771.5185 51.6138
772.3467 51.99541
773.1672 52.39635
773.9771 52.81013
774.7514 53.21946
775.484 53.62327
776.1722 54.01959
776.8298 54.42105
777.5491 54.89738
778.3161 55.44348
779.1072 56.04772
779.9197 56.70766
780.7206 57.38936
781.4865 58.06428
782.2114 58.71959
782.9279 59.38844
783.662 60.12984
784.4001 60.99637
785.092 61.95098
785.6912 62.91698
786.1937 63.89561
786.6113 64.89339
786.9506 65.85816
787.2225 66.76723
787.4403 67.61379
787.6115 68.41008
787.751 69.27765
787.8538 70.24646
787.921 71.2373
787.9612 72.18812
787.9825 73.11637
787.9911 74.04356
787.992 74.93972
787.9886 75.78731
787.9824 76.62653
787.9612 77.5526
787.9075 78.58593
787.8099 79.685
787.6791 80.7541
787.5007 81.80089
787.2695 82.83886
787.0032 83.83711
786.6947 84.82068
786.3489 85.78827
785.9912 86.70075
785.6144 87.59305
785.2151 88.48946
784.8118 89.36246
784.3901 90.2492
783.9341 91.18665
783.4589 92.14713
782.9905 93.07814
782.5276 93.98026
782.0779 94.83977
781.631 95.67696
781.1641 96.52631
780.6355 97.43768
780.0647 98.36812
779.496 99.25185
778.9503 100.0663
778.4373 100.8077
777.944 101.5038
777.4716 102.1606
777.0088 102.7969
776.5454 103.4253
776.0372 104.1013
775.4484 104.8757
774.8078 105.7171
774.1703 106.5591
773.5482 107.3941
772.9216 108.2591
772.2747 109.1794
771.6061 110.1613
770.9399 111.1576
770.3138 112.0987
769.7437 112.9652
769.233 113.7552
768.7444 114.5188
768.2296 115.3239
767.6895 116.1672
767.1396 117.0281
766.5724 117.9259
765.98 118.8685
765.3829 119.8209
764.7869 120.7683
764.1761 121.7389
763.5635 122.7098
762.9823 123.6255
762.4445 124.4677
761.9497 125.2424
761.475 125.9853
761.0215 126.693
760.5732 127.3868
760.1121 128.0922
759.6302 128.8269
759.0924 129.6395
758.5098 130.5136
757.9109 131.4109
757.3633 132.2323
756.8536 132.9992
756.3622 133.7375
755.8914 134.4405
755.4169 135.149
754.901 135.919
754.3543 136.7344
753.816 137.5374
753.2802 138.3441
752.7404 139.1622
752.2103 139.9541
751.6783 140.7446
751.1301 141.5582
750.5931 142.3527
750.0799 143.1089
749.597 143.8172
749.1265 144.507
748.6101 145.2671
748.0709 146.0646
747.5227 146.8832
746.9373 147.7623
746.3317 148.6695
745.7468 149.5412
745.1797 150.3919
744.6183 151.2426
744.0717 152.0663
743.5234 152.8892
742.9698 153.7213
742.4191 154.5523
741.8763 155.3747
741.3562 156.1626
740.8676 156.9
740.374 157.64
739.8522 158.4175
739.3088 159.2236
738.775 160.0149
738.204 160.8619
737.6089 161.7397
737.0294 162.5895
736.4886 163.3804
735.9318 164.1893
735.376 164.9913
734.8207 165.7899
734.2654 166.5885