737,45 151,9
736,9807 152,6039
736,5126 153,3061
736,0499 153,9976
735,5375 154,7574
734,9911 155,5662
734,4512 156,3669
733,9424 157,1236
733,4369 157,8747
732,9127 158,6535
732,3754 159,4496
731,8336 160,2498
731,2947 161,0483
730,7538 161,8553
730,2045 162,6748
729,6495 163,498
729,0942 164,3197
728,5538 165,1201
728,0229 165,9082
727,5173 166,6606
727,0446 167,3654
726,5717 168,0738
726,0773 168,8161
725,5743 169,565
725,0496 170,3379
724,5037 171,1407
723,9722 171,9271
723,4731 172,6695
723,0102 173,3609
722,5443 174,0548
722,0518 174,7848
721,551 175,5288
721,0134 176,331
720,4553 177,1647
719,8956 177,9995
719,324 178,8523
718,7502 179,7088
718,17 180,5741
717,5829 181,448
717,0135 182,2956
716,4589 183,121
715,935 183,8992
715,4219 184,6567
714,9136 185,4061
714,4073 186,155
713,8999 186,906
713,3862 187,67
712,8598 188,4554
712,3466 189,221
711,859 189,9467
711,4013 190,6259
710,9707 191,2687
710,5075 191,9725
710,0223 192,7179
709,5494 193,4492
709,1025 194,1429
708,647 194,85
708,1688 195,5919
707,6299 196,4283
707,0648 197,3038
706,5211 198,1451
706,0184 198,9232
705,5439 199,6562
705,0739 200,378
704,6178 201,0769
704,1832 201,7435
703,7249 202,4511
703,2312 203,2181
702,7251 204,0044
702,1956 204,8264
701,6418 205,6873
701,0908 206,5493
700,5532 207,3914
700,046 208,183
699,5659 208,9302
699,1155 209,6308
698,6697 210,3229
698,2104 211,0351
697,7546 211,745
697,3069 212,4426
696,8748 213,1126
696,4517 213,767
696,0419 214,4014
695,6249 215,0496
695,1997 215,7119
694,7603 216,3947
694,2635 217,164
693,7305 217,9915
693,2316 218,7632
692,7569 219,484
692,2853 220,1793
691,8228 220,8425
691,3508 221,4958
690,8795 222,1275
690,4092 222,7399
689,9388 223,3382
689,459 223,9361
688,981 224,5223
688,4875 225,1245
687,9423 225,7847
687,3102 226,541
686,6276 227,3522
685,9548 228,1515
685,3103 228,917
684,7101 229,6285
684,1227 230,3219
683,4922 231,0616
682,8263 231,8391
682,1671 232,6059
681,5258 233,3471
680,9208 234,0409
680,3444 234,6901
679,7962 235,2933
679,23 235,9027
678,6255 236,5427
677,9789 237,2165
677,3208 237,8939
676,686 238,5418
676,0269 239,213
675,3324 239,9228
674,6336 240,64
673,9349 241,3579
673,2384 242,0713
672,5598 242,763
671,8912 243,4411
671,2173 244,1215
670,5142 244,8289
669,8242 245,5215
669,1259 246,2138
668,4037 246,9107
667,678 247,5794
666,9614 248,1994
666,2722 248,7577
665,6019 249,2623
664,9541 249,7183
664,3069 250,1483
663,6344 250,5766
662,9457 251,0026
662,1686 251,4716
661,3412 251,9675
660,5165 252,4571
659,6493 252,9699
658,7343 253,5109
657,8041 254,0594
656,9578 254,5571
656,1727 255,0163
655,4092 255,4615
654,6776 255,8882
653,9556 256,3111
653,2219 256,7432
652,4487 257,1905
651,6187 257,6539
650,7662 258,1111
649,8836 258,5533
648,9191 258,9905
647,8922 259,4152
646,8678 259,8098
645,8185 260,1858
644,7496 260,5483
643,71 260,8931
642,6965 261,2249
641,6293 261,568
640,5489 261,911
639,4977 262,2421
638,4684 262,5635
637,4863 262,8657
636,5184 263,1605
635,512 263,4666
634,4246 263,8
633,292 264,1505
632,1855 264,4944
631,0956 264,8297
630,0198 265,1555
628,9956 265,4644
627,9882 265,772
626,941 266,0963
625,8544 266,432
624,6902 266,7854
623,5455 267,135
622,472 267,4626
621,4198 267,784
620,3472 268,1139
619,2942 268,4402
618,2496 268,7642
617,2246 269,08
616,1886 269,394
615,1252 269,7067
614,0323 270,018
612,9116 270,3324
611,8029 270,6404
610,7196 270,9368
609,6357 271,2249
608,5607 271,5023
607,5087 271,7697
606,449 272,041
605,3599 272,3194
604,2726 272,5963
603,2288 272,8594
602,2639 273,0994
601,3801 273,3181
600,5695 273,5193
599,7659 273,7197
598,9313 273,9284
598,0933 274,1382
597,2402 274,3524
596,4067 274,5629
595,5623 274,7794
594,6843 275,0081
593,8052 275,2371
592,9174 275,4654
592,0566 275,6829
591,2282 275,8901
590,4275 276,0929
589,5969 276,3041
588,6923 276,5344
587,6891 276,7896
586,6084 277,0609
585,5298 277,3323
584,4827 277,5992
583,4322 277,8679
582,2905 278,1583
581,0977 278,457
579,8972 278,758
578,6913 279,0621
577,4733 279,3716
576,3226 279,6663
575,2354 279,9453
574,1884 280,2124
573,2012 280,4597
572,2557 280,6942
571,2555 280,9443
570,1235 281,226
568,9521 281,5169
567,7744 281,8074
566,583 282,0998
565,3972 282,3922
564,2869 282,6689
563,2769 282,9225
562,3325 283,1609
561,3875 283,4001
560,4403 283,6373
559,4872 283,872
558,4877 284,1157
557,4746 284,3647
556,5078 284,6066
555,5737 284,8405
554,6089 285,0809
553,615 285,3278
552,6432 285,569
551,6498 285,8159
550,6246 286,0698
549,6097 286,3172
548,573 286,5702
547,5209 286,829
546,4311 287,0956
545,3479 287,361
544,2615 287,6268
543,1519 287,8975
542,0497 288,1667
540,9966 288,4263
540,0269 288,6686
539,1 288,901
538,1884 289,1284
537,2777 289,3546
536,3295 289,5896
535,332 289,8329
534,2837 290,0872
533,2242 290,3467
532,2119 290,5979
531,2788 290,8319
530,4152 291,0499
529,5788 291,2609
528,702 291,4803
527,7892 291,7077
526,8851 291,9315
526,0159 292,1427
525,1476 292,3531
524,2546 292,5724
523,3796 292,7907
522,5182 293,0067
521,6921 293,2128
520,896 293,4094
520,0813 293,6085
519,1968 293,8235
518,2646 294,0505
517,2926 294,2914
516,2411 294,5554
515,1202 294,8378
513,9554 295,1284
512,8195 295,4081
511,7702 295,6631
510,7807 295,9049
509,7783 296,1529
508,7498 296,4094
507,7211 296,6669
506,6738 296,9283
505,6309 297,1847
504,5946 297,4364
503,5109 297,7008
502,3993 297,9755
501,3209 298,2439
500,28 298,5045
499,2713 298,7587
498,3654 298,9865
497,5156 299,1958
496,6743 299,4017
495,8586 299,6039
495,0405 299,8036
494,1716 300,0156
493,256 300,2407
492,2393 300,4924
491,1938 300,7511
490,2083 300,9934
489,2693 301,222
488,336 301,4504
487,3041 301,7054
486,209 301,977
485,0973 302,2529
483,969 302,5326
482,8565 302,8093
481,8038 303,0699
480,8393 303,3058
479,9144 303,5305
478,958 303,7635
477,9011 304,0225
476,8203 304,2874
475,7698 304,5475
474,71 304,814
473,6674 305,076
472,6562 305,327
471,6783 305,5682
470,7044 305,8113
469,7073 306,0616
468,7411 306,3026
467,8286 306,5298
466,8715 306,7706
465,8461 307,0266
464,8533 307,2728
463,9351 307,4997
463,0134 307,7277
462,0596 307,9642
461,0912 308,2048
460,0886 308,4536
459,0479 308,7102
457,981 308,9755
456,9275 309,239
455,9201 309,4894
454,9869 309,7181
454,0825 309,9381
453,151 310,1699
452,164 310,4193
451,1128 310,6848
449,9785 310,9686
448,7612 311,2711
447,5436 311,5728
446,3742 311,8623
445,228 312,1454
444,1167 312,4211
443,0333 312,6909
441,949 312,9641
440,872 313,2368
439,817 313,5031
438,7505 313,7697
437,69 314,0323
436,6641 314,2846
435,6842 314,5244
434,7092 314,7617
433,7237 315,0016
432,764 315,237
431,7869 315,4789
430,7786 315,7303
429,7794 315,9812
428,799 316,2292
427,8737 316,4648
427,0051 316,685
426,0851 316,9136
425,1273 317,1443
424,212 317,3615
423,3278 317,5703
422,4535 317,7749
421,5612 317,9802
420,5941 318,2033
419,5335 318,4483
418,4298 318,703
417,3624 318,953
416,3654 319,1883
415,4536 319,4031
414,5707 319,608
413,6306 319,8215
412,6294 320,0456
411,6221 320,269
410,6233 320,4879
409,6374 320,6988
408,6282 320,9051
407,6144 321,1042
406,5903 321,2821
405,5351 321,4001
404,4999 321,4323
403,5101 321,366
402,5734 321,2003
401,6897 320,9506
400,8394 320,6291
400,0038 320,2491
399,1126 319,7686
398,1931 319,1899
397,3246 318,574
396,5418 317,9489
395,8538 317,3198
395,2281 316,648
394,6083 315,865
393,9872 314,9909
393,3858 314,0945
392,8111 313,2056
392,2235 312,2669
391,6498 311,3303
391,1068 310,437
390,5788 309,5651
390,0817 308,7404
389,617 307,9656
389,1649 307,2099
388,7102 306,4518
388,2336 305,6546
387,7312 304,8115
387,222 303,9664
386,6834 303,1081
386,1139 302,2511
385,487 301,3887
384,8311 300,552
384,1443 299,7354
383,4215 298,9238
382,6887 298,1328
381,9493 297,3563
381,199 296,5829
380,4647 295,8346
379,7057 295,0673
378,9239 294,2805
378,1566 293,5104
377,3759 292,728
376,5913 291,9425
375,8417 291,1924
375,1214 290,4718
374,4481 289,7983
373,78 289,1338
373,0894 288,4517
372,3971 287,769
371,7209 287,1104
371,0778 286,4969
370,4689 285,9333
369,8593 285,3904
369,1953 284,823
368,4547 284,2128
367,6411 283,5578
366,7956 282,8912
365,9745 282,2516
365,2118 281,6604
364,4659 281,0823
363,7137 280,4964
362,9808 279,917
362,253 279,3415
361,4733 278,7332
360,6421 278,092
359,808 277,4481
358,9818 276,8079
358,2005 276,201
357,4707 275,6328
356,7679 275,0836
356,041 274,5137
355,2902 273,9275
354,5041 273,3182
353,6877 272,6876
352,8836 272,0626
352,1145 271,4629
351,3055 270,8336
350,4749 270,189
349,6968 269,5849
348,988 269,0332
348,2835 268,4883
347,5485 267,9243
346,8086 267,3533
346,0531 266,7681
345,2492 266,1514
344,3983 265,5142
343,5623 264,9042
342,7232 264,3128
341,8763 263,7347
341,057 263,186
340,2458 262,6553
339,4033 262,1195
338,541 261,5839
337,7024 261,0693
336,9173 260,5895
336,1484 260,1185
335,4107 259,6645
334,6979 259,2243
334,0002 258,7949
333,3096 258,3705
332,6396 257,9583
331,9486 257,5336
331,2066 257,0782
330,4411 256,6079
329,6496 256,1225
328,7702 255,5883
327,8454 255,0407
326,9652 254,5431
326,1534 254,1111
325,3416 253,7174
324,4967 253,3451
323,648 253,0003
322,8079 252,6855
322,0006 252,4045
321,1669 252,1306
320,2905 251,8517
319,3755 251,5686
318,442 251,2868
317,5407 251,0169
316,6977 250,7634
315,9126 250,5265
315,1771 250,3047
314,4655 250,0924
313,7738 249,8891
313,0368 249,6729
312,2178 249,4318
311,3781 249,1848
310,5536 248,9414
309,7583 248,7014
308,9839 248,4726
308,2366 248,2635
307,4412 248,0727
306,5776 247,9059
305,6911 247,7767
304,8288 247,6853
304,0116 247,6252
303,2408 247,5884
302,5092 247,568
301,8067 247,5584
301,1248 247,5558
300,4161 247,558
299,6555 247,5635
298,8803 247,571
298,1184 247,5792
297,3813 247,5877
296,6693 247,5962
295,9781 247,6046
295,3026 247,6129
294,6378 247,6212
293,9801 247,6294
293,327 247,6375
292,6768 247,6457
292,0282 247,6538
291,3807 247,6619
290,7339 247,67
290,0873 247,6781
289,441 247,6862
288,7949 247,6943
288,1487 247,7024
287,4622 247,711
286,6798 247,7238
285,8245 247,7477
284,9051 247,7942
283,9504 247,8685
282,9679 247,9706
281,9478 248,1003
280,9561 248,243
280,0137 248,3913
279,1197 248,5417
278,2078 248,7061
277,2173 248,8943
276,1705 249,099
275,1356 249,305
274,142 249,5037
273,178 249,6951
272,2267 249,8798
271,2207 250,0734
270,1866 250,2767
269,2363 250,4674
268,3469 250,6502
267,4689 250,8433
266,5895 251,0542
265,741 251,2733
264,8825 251,5152
263,9861 251,7872
263,0817 252,0735
262,1416 252,3809
261,1625 252,7086
260,1883 253,0375
259,1954 253,3754
258,1791 253,7241
257,1805 254,068
256,1978 254,4095
255,1575 254,7786
254,1046 255,1629
253,0637 255,5701
252,0378 256,0113
251,0625 256,4742
250,1219 256,9652
249,192 257,4952
248,281 258,048
247,3953 258,6076
246,51 259,1846
245,5583 259,8183
244,5956 260,4691
243,6619 261,1087
242,7446 261,7419
241,824 262,3816
240,9143 263,0143
240,0548 263,611
239,266 264,1569
238,5201 264,6917
237,7518 265,2881
236,9541 265,9572
236,1364 266,6895
235,3538 267,4247
234,6393 268,1219
233,9586 268,8072
233,2909 269,4937
232,6298 270,1821
231,9727 270,8711
231,3423 271,5339
230,7511 272,1559
230,1797 272,7571
229,6314 273,3339
229,075 273,9235
228,4608 274,5813
227,7929 275,3033
227,1155 276,0434
226,4283 276,8214
225,7384 277,6455
225,0789 278,4828
224,4614 279,3146
223,8829 280,1334
223,3095 280,976
222,7357 281,8405
222,1276 282,7766
221,5271 283,7233
220,9552 284,6423
220,4051 285,537
219,892 286,3772
219,3956 287,1898
218,9014 288,0099
218,4322 288,8079
217,9854 289,6078
217,5566 290,4275
217,1614 291,2374
216,7915 292,0422
216,4328 292,8561
216,0787 293,6963
215,7178 294,5822
215,3662 295,4574
215,0231 296,3181
214,698 297,1389
214,3781 297,9597
214,0398 298,8378
213,6827 299,7673
213,3272 300,6933
212,9921 301,5841
212,6884 302,4195
212,4035 303,2509
212,1253 304,1257
211,8553 305,0362
211,594 305,9668
211,3469 306,8765
211,1138 307,7436
210,8814 308,6217
210,6438 309,5444
210,4151 310,4573
210,1884 311,3726
209,9561 312,3125
209,7268 313,2476
209,5088 314,1695
209,2926 315,1645
209,091 316,1991
208,9124 317,2482
208,7558 318,3044
208,6191 319,3652
208,499 320,4163
208,3876 321,5031
208,2806 322,6385
208,1795 323,8117
208,0947 324,9693
208,0347 326,8776
208,0094 329,1201
208,0196 331,3197
208,0708 333,3438
208,1523 335,1274
208,2532 336,6777
208,3753 338,0741
208,5205 339,4115
208,6748 340,6821
208,8308 341,8772
208,9854 343,0067
209,1383 344,0879
209,2842 345,096
209,4279 346,0198
209,5837 346,8982
209,7626 347,7613
209,9584 348,598
210,1611 349,3926
210,3842 350,1871
210,6476 351,0437
210,9569 351,9883
211,3074 353,0182
211,6759 354,0804
212,0307 355,0957
212,3748 356,0744
212,7279 357,0699
213,0913 358,088
213,4466 359,0853
213,7975 360,0645
214,1476 361,0249
214,5029 361,9668
214,8699 362,9009
215,2305 363,7895
215,583 364,6343
215,9679 365,5313
216,3794 366,4622
216,806 367,4021
217,2477 368,3589
217,6903 369,3107
218,1266 370,2428
218,562 371,1664
219,0036 372,0991
219,4345 373,0141
219,8524 373,9101
220,2939 374,8666
220,7511 375,8495
221,1827 376,7744
221,5751 377,6182
221,9368 378,3937
222,3251 379,212
222,7406 380,0693
223,1663 380,9278
223,5799 381,7459
223,9775 382,5173
224,3629 383,248
224,7344 383,9422
225,0908 384,6029
225,4449 385,2556
225,7945 385,8964
226,1524 386,5489
226,5652 387,2988
227,0121 388,1179
227,4722 388,9647
227,9737 389,8824
228,5059 390,8494
229,033 391,8063
229,5505 392,7606
230,0562 393,716
230,5332 394,6374
230,9939 395,5563
231,4395 396,4838
231,851 397,3764
232,2251 398,2216
232,5623 399,0114
232,8757 399,7595
233,1749 400,507
233,442 401,2843
233,6653 402,0635
233,8324 402,8726
233,9427 403,7201
234,0007 404,57
234,0113 405,4308
233,9751 406,3153
233,8915 407,2451
233,7682 408,1855
233,5718 409,1298
233,2487 410,0758
232,7667 411,0037
232,1611 411,8715
231,5062 412,6397
230,8072 413,328
230,052 413,9707
229,2933 414,558
228,5309 415,1088
227,7599 415,6428
227,0136 416,1495
226,2664 416,6383
225,4911 417,1187
224,7106 417,5732
223,9388 417,9968
223,196 418,3849
222,4475 418,7526
221,6664 419,1132
220,8882 419,4562
220,1132 419,7855
219,2564 420,1386
218,3523 420,5065
217,4818 420,8594
216,6721 421,1875
215,8659 421,5138
215,0366 421,8496
214,1106 422,2259
213,1349 422,6221
212,1505 423,0248
211,1527 423,4381
210,1718 423,848
209,2376 424,2405
208,3729 424,6049
207,5294 424,9635
206,6746 425,3308
205,8323 425,6955
204,9855 426,0648
204,1089 426,451
203,2507 426,8333
202,4204 427,2051
201,6132 427,5634
200,813 427,9177
200,0054 428,2777
199,1835 428,645
198,3745 429,0079
197,6033 429,3558
196,8482 429,6975
196,0166 430,0726
195,1388 430,4639
194,2598 430,8528
193,3268 431,2642
192,3586 431,6932
191,3869 432,1266
190,3971 432,5661
189,4161 433,0023
188,4755 433,4203
187,4959 433,8537
186,509 434,2948
185,5582 434,7204
184,6244 435,1352
183,7391 435,5247
182,9054 435,8907
182,1288 436,2329
181,3652 436,5727
180,572 436,9288
179,6738 437,3332
178,7179 437,7626
177,8133 438,1688
176,9876 438,5401
176,2316 438,8813
175,5302 439,1991
174,8654 439,5013
174,2263 439,7926
173,6019 440,0775
172,9564 440,3727
172,2357 440,7038
171,4503 441,0613
170,6453 441,4268
169,8278 441,7983
168,9965 442,1731
168,1748 442,5414
167,3586 442,9085
166,5099 443,2968
165,6072 443,7123
164,6465 444,1516
163,6678 444,5953
162,6884 445,0367
161,7058 445,4779
160,7535 445,9048
159,7957 446,3354
158,825 446,7753
157,8596 447,2164
156,9099 447,6506
155,9944 448,0707
155,0323 448,5167
154,0477 448,9779
153,0813 449,4347
152,1167 449,8941
151,1745 450,3449
150,2679 450,78
149,3139 451,2389
148,3358 451,7098
147,4102 452,1556
146,5634 452,5635
145,7697 452,9472
144,9241 453,3594
144,0394 453,794
143,1761 454,217
142,3656 454,6106
141,5842 454,9861
140,7748 455,3762
139,9051 455,799
138,9737 456,255
138,0268 456,7193
137,0871 457,1775
136,198 457,6071
135,3747 458,0024
134,6163 458,3654
133,9017 458,7072
133,2228 459,0321
132,5616 459,3497
131,9061 459,6674
131,1957 460,0173
130,4192 460,4064
129,6216 460,8127
128,8145 461,2285
128,0334 461,6334
127,235 462,05
126,3992 462,4887
125,5582 462,9302
124,7144 463,3722
123,7988 463,8505
122,8555 464,3447
121,9151 464,8361
120,9685 465,3289
120,045 465,8134
119,1645 466,2765
118,3458 466,7055
117,5856 467,1024
116,8777 467,4713
116,1773 467,84
115,4406 468,2317
114,7006 468,6262
113,9829 469,0066
113,1999 469,4151
112,3743 469,8377
111,5549 470,249
110,774 470,6341
110,0205 471,0004
109,2804 471,3577
108,492 471,735
107,6438 472,1355
106,7964 472,5306
105,9823 472,9097
105,2184 473,2683
104,4974 473,6058
103,8129 473,9223
103,1442 474,227
102,4778 474,5285
101,7727 474,8427
101,0188 475,1711
100,2189 475,5055
99,39025 475,835
98,576 476,1441
97,74001 476,4477
96,86058 476,7549
95,9715 477,0534
95,03938 477,3582
94,06415 477,6573
93,08985 477,8959
92,16292 478,0598
91,30096 478,1563
90,41409 478,1353
89,50258 477,9724
88,62117 477,6898
87,79454 477,3206
87,03967 476,9067
86,30141 476,4246
85,5612 475,8792
84,8444 475,312
84,17136 474,7469
83,5511 474,1982
82,94289 473,6109
82,32695 472,9405
81,72284 472,2008
81,18613 471,4888
80,70341 470,7881
80,24544 470,0573
79,80275 469,2962
79,38574 468,5429
78,98146 467,7769
78,5558 466,9359
78,09165 465,9995
77,60719 465,0159
77,12122 464,0294
76,68465 463,1429
76,28581 462,3299
75,91301 461,5692
75,56226 460,8547
75,20609 460,1239
74,8326 459,3416
74,46417 458,5526
74,10717 457,7774
73,75006 456,999
73,3852 456,1985
73,00894 455,3655
72,62642 454,5099
72,24244 453,642
71,84241 452,7422
71,42564 451,815
71,01566 450,9045
70,6281 450,0389
70,27066 449,2331
69,91934 448,4352
69,55861 447,6155
69,18916 446,7779
68,80386 445,9014
68,40084 444,9814
67,96317 443,9888
67,50999 442,9702
67,09665 442,0453
66,71783 441,1973
66,35046 440,3723
65,96114 439,4999
65,5323 438,5407
65,08333 437,5334
64,63513 436,5215
64,2317 435,6076
63,8593 434,7646
63,48389 433,914
63,09445 433,0247
62,70911 432,1277
62,33092 431,2243
61,93275 430,2435
61,53233 429,2305
61,13965 428,2223
60,74696 427,2058
60,36542 426,2062
59,98829 425,2067
59,59716 424,1612
59,20122 423,0952
58,82483 422,07
58,45594 421,0591
58,08681 420,0395
57,73449 419,0372
57,39194 417,9903
57,06698 416,9078
56,77516 415,846
56,51995 414,8044
56,2973 413,7617
56,10318 412,728
55,92794 411,6855
55,77197 410,6606
55,6259 409,6417
55,48294 408,5822
55,34434 407,4921
55,2131 406,4276
55,083 405,3497
54,95232 404,2455
54,82624 403,155
54,71148 402,071
54,61658 400,9811
54,54887 399,7292
54,50993 398,4055
54,49732 397,1353
54,51256 395,9194
54,55774 394,6889
54,62456 393,4497
54,6996 392,2554
54,78191 391,0927
54,87038 389,9586
54,95828 388,8894
55,04708 387,8589
55,1381 386,8528
55,23368 385,8662
55,33072 384,932
55,4341 384,0296
55,55941 383,0995
55,71203 382,1252
55,89526 381,088
56,0976 380,0285
56,30804 378,9889
56,52349 377,9768
56,74225 376,9925
56,96448 376,0276
57,1884 375,0697
57,42408 374,0388
57,66622 372,9623
57,9092 371,8867
58,15007 370,8378
58,3848 369,8401
58,63698 368,8047
58,89808 367,757
59,15146 366,7592
59,41787 365,7302
59,68223 364,6958
59,92535 363,7381
60,14654 362,8708
60,36795 362,0165
60,61075 361,1266
60,88696 360,2293
61,23529 359,353
61,68254 358,5242
62,19519 357,7834
62,78993 357,1151
63,47043 356,5007
64,1808 355,9504
64,88063 355,4613
65,55242 355,0229
66,20511 354,6179
66,83838 354,2389
67,46732 353,8728
68,10237 353,5117
68,77582 353,1331
69,49953 352,734
70,26276 352,3286
71,08434 351,927
71,98208 351,5477
72,92689 351,2086
73,91519 350,9114
74,91754 350,6533
75,9126 350,4266
76,89126 350,2208
77,82214 350,0382
78,68886 349,8792
79,55359 349,7277
80,49202 349,5656
81,495 349,3938
82,48351 349,2263
83,43156 349,0694
84,33818 348,9266
85,23668 348,7936
86,1031 348,6717
86,94216 348,5577
87,76311 348,4482
88,62151 348,3388
89,53528 348,2286
90,46141 348,1202
91,41105 348,0106
92,37546 347,8994
93,31767 347,7896
94,32194 347,67
95,35863 347,5473
96,3351 347,4321
97,22794 347,3264
98,1246 347,2209
99,0777 347,1098
100,0617 346,9937
101,0539 346,8747
102,0421 346,7554
103,0098 346,6392
103,9504 346,5287
104,86 346,4235
105,758 346,3188
106,6582 346,2102
107,5439 346,1006
108,43 345,9901
109,2932 345,8827
110,1145 345,7815
110,9421 345,6808
111,7956 345,578
112,6501 345,4754
113,4752 345,3759
114,2986 345,2755
115,2166 345,1613
116,2353 345,031
117,2453 344,8988
118,1911 344,7729
119,164 344,6379
120,1741 344,4921
121,172 344,3459
122,1278 344,2061
123,0196 344,0766
123,9057 343,9461
124,8194 343,8088
125,7308 343,6716
126,6584 343,5316
127,6802 343,3755
128,768 343,2072
129,8845 343,0334
130,9894 342,8625
132,0802 342,6947
133,2269 342,5163
134,3976 342,3314
135,5209 342,1534
136,5538 341,99
137,4869 341,8431
138,3346 341,7084
139,115 341,5818
139,8618 341,4574
140,622 341,3272
141,4266 341,1874
142,2982 341,0349
143,1765 340,8806
144,0362 340,7273
144,8551 340,5782
145,6568 340,4291
146,4321 340,283
147,1798 340,1443
147,9 340,0154
148,6005 339,8937
149,2881 339,7727
149,9674 339,6505
150,6374 339,5274
151,3027 339,4063
151,9628 339,2894
152,6199 339,1738
153,2729 339,0577
153,9656 338,9349
154,7844 338,7922
155,7629 338,6288
156,8401 338,4579
157,9214 338,2943
158,9777 338,144
160,0066 338,0087
160,9323 337,8931
161,8011 337,7873
162,6585 337,6851
163,6021 337,576
164,5872 337,4612
165,5818 337,343
166,5923 337,2173
167,5837 337,0814
168,5701 336,9267
169,6262 336,7346
170,6968 336,5137
171,7328 336,2798
172,7593 336,0323
173,8183 335,7643
174,9475 335,4688
176,1525 335,1327
177,3746 334,76
178,533 334,366
179,609 333,9346
180,6046 333,4591
181,4986 332,9693
182,2953 332,4813
183,0066 332,0057
183,6689 331,5293
184,3211 331,0325
184,9558 330,5326
185,5641 330,0446
186,1527 329,5595
186,7974 328,9998
187,469 328,3624
188,1075 327,6969
188,6874 327,0399
189,2425 326,3488
189,7938 325,6025
190,3279 324,8337
190,8617 324,0345
191,3994 323,2073
191,9341 322,3665
192,462 321,5231
192,9778 320,6711
193,4796 319,795
193,9416 318,921
194,3746 318,0039
194,7823 317,0384
195,1532 316,0703
195,4961 315,0851
195,8206 314,0805
196,1274 313,0994
196,4161 312,1592
196,6818 311,2816
196,9274 310,4495
197,1522 309,6638
197,3674 308,8625
197,5818 308,0002
197,7907 307,1027
197,9897 306,1883
198,1911 305,1849
198,39 304,1385
198,5728 303,1443
198,7368 302,2327
198,8898 301,338
199,0315 300,4182
199,1455 299,4571
199,2283 298,4321
199,2838 297,3793
199,3184 296,3276
199,3378 295,2499
199,3468 294,1291
199,3489 292,9631
199,3466 291,7585
199,3416 290,5245
199,3351 289,3101
199,3281 288,1422
199,3199 286,9925
199,3078 285,8378
199,2919 284,7056
199,2739 283,6489
199,2551 282,6879
199,2351 281,7764
199,2074 280,7775
199,1698 279,6931
199,1226 278,552
199,0707 277,4436
199,0179 276,4206
198,9484 275,4356
198,8484 274,4588
198,7243 273,5261
198,5771 272,6408
198,4138 271,8129
198,2291 270,9872
198,0274 270,1548
197,8212 269,3441
197,6153 268,5715
197,4112 267,8397
197,2026 267,1004
196,9807 266,3148
196,7221 265,4131
196,4331 264,4672
196,1438 263,5806
195,8165 262,6753
195,4633 261,7683
195,1099 260,9022
194,7672 260,0854
194,4388 259,3111
194,0876 258,5
193,7047 257,6342
193,3145 256,754
192,9157 255,85
192,5143 254,9347
192,128 254,0541
191,7527 253,2007
191,3722 252,3313
190,9925 251,4536
190,6087 250,5508
190,2078 249,5899
189,7809 248,5611
189,3496 247,5179
188,929 246,4955
188,5222 245,5074
188,1387 244,5726
187,7871 243,7083
187,4436 242,8665
187,084 241,9906
186,7038 241,0616
186,3032 240,0766
185,8934 239,0682
185,5003 238,1037
185,1179 237,1637
184,7447 236,2455
184,3916 235,3781
184,051 234,5338
183,7136 233,692
183,3877 232,8796
183,078 232,1113
182,7845 231,3884
182,5071 230,7022
182,2284 230,0069
181,9239 229,2483
181,603 228,4411
181,2764 227,6211
180,9565 226,8278
180,6484 226,0682
180,3425 225,312
180,0316 224,5387
179,7171 223,7512
179,4107 222,9801
179,1133 222,2303
178,8218 221,4984
178,5173 220,7346
178,1866 219,9073
177,8362 219,0357
177,5062 218,2187
177,187 217,4344
176,8817 216,6857
176,5712 215,9242
176,2515 215,139
175,924 214,3324
175,5826 213,4989
175,2269 212,6399
174,8503 211,7276
174,4785 210,8248
174,1096 209,9355
173,7379 209,0495
173,3778 208,1957
173,0355 207,3792
172,7166 206,6087
172,4086 205,8315
172,1299 204,9795
171,9053 203,5534
171,7412 201,8755
171,6356 200,2126
171,5915 198,6498
171,6039 197,1827
171,689 195,8313
171,8677 194,6088
172,1761 193,4828
172,5986 192,4547
173,1266 191,4959
173,7339 190,59
174,3671 189,753
175,0345 188,9656
175,79 188,1939
176,6201 187,4558
177,4709 186,7935
178,3155 186,2189
179,1236 185,7329
179,9141 185,3111
180,6744 184,9416
181,4111 184,6096
182,1334 184,3053
182,8951 183,9991
183,7648 183,6627
184,7164 183,3034
185,6754 182,9417
186,6221 182,5835
187,5176 182,2446
188,3632 181,9237
189,1535 181,6222
189,9045 181,3351
190,6329 181,0597
191,3964 180,7709
192,2213 180,4583
193,0732 180,1406
193,9767 179,8116
194,979 179,4598
196,0346 179,1037
197,0646 178,7706
198,0519 178,4624
198,9697 178,1822
199,8446 177,9176
200,7785 177,6347
201,7452 177,3404
202,7114 177,0446
203,6957 176,7438
204,7609 176,4216
205,8384 176,0962
206,866 175,7899
207,9219 175,4937
209,0127 175,2121
210,0882 174,9534
211,13 174,7185
212,1019 174,5109
213,0088 174,3281
213,8501 174,1679
214,6762 174,0213
215,5251 173,8795
216,3711 173,7415
217,2146 173,6049
218,0312 173,4729
218,8828 173,3341
219,7839 173,1862
220,6899 173,0391
221,5683 172,8981
222,4369 172,7591
223,3473 172,612
224,3844 172,4453
225,5095 172,2679
226,7074 172,0801
227,9206 171,8878
229,073 171,7017
230,177 171,5206
231,2703 171,3394
232,3367 171,1628
233,334 170,999
234,2494 170,8483
235,0871 170,709
235,8783 170,5818
236,6315 170,4689
237,4268 170,3767
238,3153 170,3103
239,3071 170,2687
240,3894 170,2478
241,5416 170,2423
242,7435 170,2477
243,9792 170,2603
245,2366 170,2776
246,5079 170,2979
247,7876 170,3199
249,0433 170,343
250,2179 170,3665
251,3702 170,3932
252,536 170,4245
253,7287 170,4604
254,9489 170,5
256,1661 170,5412
257,3213 170,5803
258,4254 170,6175
259,4885 170,6537
260,5607 170,6907
261,6713 170,7299
262,7868 170,7697
263,8824 170,8093
264,9893 170,8495
266,1135 170,8903
267,2126 170,9292
268,3285 170,9681
269,4799 171,0084
270,669 171,0507
271,8899 171,0949
273,1028 171,1394
274,2847 171,1839
275,4215 171,2276
276,4725 171,2688
277,5179 171,3135
278,5737 171,3651
279,5983 171,4232
280,6398 171,4956
281,7115 171,586
282,7718 171,6921
283,8431 171,8115
284,9571 171,9455
286,0859 172,0896
287,1573 172,2325
288,1398 172,3675
289,139 172,5079
290,1355 172,6524
291,1241 172,7966
292,1214 172,9401
293,0973 173,0788
294,0378 173,2116
294,9213 173,3362
295,7581 173,4552
296,5481 173,5692
297,3387 173,6834
298,2175 173,8126
299,1752 173,9562
300,1457 174,1019
301,1716 174,2554
302,2455 174,4144
303,3121 174,5669
304,3626 174,7156
305,3892 174,8615
306,3545 174,9992
307,2589 175,1286
308,0998 175,249
308,9384 175,3697
309,8029 175,4955
310,7772 175,6355
311,8194 175,7816
312,8438 175,9257
313,8867 176,0749
314,9564 176,2303
316,0099 176,384
317,0132 176,5308
317,9418 176,6669
318,8423 176,8014
319,7728 176,9384
320,7709 177,0848
321,7933 177,2351
322,8661 177,39
323,9826 177,551
325,1368 177,7208
326,3156 177,8931
327,519 178,0712
328,7534 178,2595
329,983 178,4542
331,1446 178,6488
332,2786 178,8578
333,3982 179,0844
334,4694 179,316
335,4745 179,545
336,3969 179,764
337,3096 179,9863
338,2422 180,2163
339,1622 180,4458
340,0858 180,6807
341,0796 180,9379
342,1224 181,2091
343,1743 181,4818
344,123 181,7265
344,9949 181,9486
345,8641 182,1686
346,7868 182,4044
347,8223 182,6748
348,9297 182,9634
350,0071 183,244
351,0463 183,5134
352,071 183,7778
353,0415 184,0274
354,0136 184,2764
355,011 184,5308
355,9991 184,7828
356,9844 185,035
357,9509 185,2819
358,9022 185,5241
359,8438 185,7665
360,7424 185,9989
361,5815 186,2157
362,4197 186,4308
363,2991 186,6554
364,1938 186,8848
365,1299 187,1261
366,1022 187,379
367,1651 187,6591
368,251 187,9473
369,314 188,2293
370,3817 188,5104
371,4393 188,786
372,4384 189,0512
373,3917 189,3167
374,289 189,5828
375,1202 189,8451
375,9702 190,13
376,8513 190,439
377,7142 190,7516
378,5345 191,0591
379,3375 191,3698
380,1462 191,6855
380,9431 191,9973
381,7147 192,3035
382,5011 192,6208
383,3149 192,9515
384,1175 193,2774
384,9083 193,5991
385,6687 193,9099
386,4431 194,2258
387,2575 194,5573
388,0792 194,8954
388,9196 195,2392
389,7957 195,594
390,6566 195,9416
391,5031 196,283
392,3117 196,6088
393,0776 196,9196
393,8354 197,2299
394,6096 197,5455
395,3848 197,8599
396,1366 198,1642
396,8641 198,4581
397,6072 198,7578
398,3776 199,0725
399,1888 199,4022
400,0508 199,7491
400,9063 200,0921
401,7391 200,4243
402,5298 200,7377
403,2833 201,0398
403,9981 201,333
404,7199 201,6311
405,4857 201,9456
406,2696 202,2654
407,0732 202,593
407,8609 202,9154
408,6262 203,2294
409,3586 203,5302
410,0662 203,82
410,759 204,1013
411,4955 204,3999
412,2819 204,7198
413,0701 205,0422
413,8693 205,3654
414,7042 205,7018
415,5294 206,037
416,3262 206,3633
417,0938 206,6748
417,8552 206,9823
418,5955 207,2827
419,3319 207,5838
420,0511 207,8795
420,7609 208,1722
421,4687 208,4647
422,1948 208,7645
422,9542 209,077
423,7244 209,3939
424,4756 209,7037
425,2395 210,018
426,1003 210,369
427,0142 210,7413
427,907 211,1054
428,7433 211,4467
429,5366 211,7694
430,3898 212,1142
431,2816 212,4771
432,1464 212,833
433,0599 213,2137
433,9989 213,6045
434,9142 213,9858
435,8729 214,3859
436,9219 214,8263
438,0057 215,2858
439,0418 215,7307
439,992 216,1411
440,8502 216,5115
441,6664 216,8634
442,5172 217,2278
443,401 217,6019
444,3016 217,9822
445,2597 218,3875
446,2065 218,7878
447,1108 219,1705
447,9662 219,5356
448,7981 219,892
449,5922 220,2311
450,3589 220,5594
451,0908 220,8759
451,791 221,1782
452,5595 221,5052
453,4302 221,8766
454,2929 222,2442
455,1137 222,5938
455,8894 222,9273
456,7047 223,2761
457,583 223,6447
458,4832 224,0144
459,3822 224,3768
460,2407 224,7183
461,0634 225,0426
461,8628 225,3564
462,6902 225,6782
463,5663 226,013
464,4743 226,3524
465,3155 226,6635
466,1141 226,9594
466,9212 227,255
467,8057 227,5751
468,7583 227,9195
469,7177 228,2694
470,7101 228,6333
471,7236 229,0054
472,706 229,3679
473,688 229,7299
474,7444 230,1169
475,8314 230,5134
476,8699 230,8922
477,8755 231,26
478,8724 231,6239
479,8195 231,9677
480,7431 232,2982
481,6846 232,6273
482,6658 232,9578
483,6432 233,2757
484,5689 233,5679
485,4832 233,8482
486,4191 234,126
487,3313 234,3894
488,2021 234,6359
489,1274 234,8939
490,0841 235,1578
490,9833 235,4062
491,8077 235,6361
492,5818 235,8506
493,3539 236,0614
494,1835 236,2902
495,0565 236,5337
495,9777 236,7887
496,9433 237,0545
497,8873 237,3153
498,8252 237,5747
499,7688 237,8324
500,7162 238,085
501,6645 238,3301
502,5789 238,5559
503,4373 238,7565
504,245 238,9349
505,0143 239,0975
505,753 239,2478
506,5231 239,3956
507,3257 239,5419
508,1754 239,6924
509,0822 239,8459
510,0807 240,0124
511,1161 240,1862
512,1837 240,3694
513,2521 240,5521
514,3122 240,7297
515,4037 240,9042
516,5195 241,0719
517,6075 241,224
518,6927 241,3626
519,7843 241,4898
520,8842 241,6053
521,9719 241,7093
522,9955 241,8004
524,0022 241,878
525,042 241,9424
526,0958 241,9946
527,1436 242,0367
528,176 242,0714
529,1916 242,1007
530,2332 242,1273
531,2841 242,1519
532,3272 242,1751
533,3955 242,198
534,468 242,2205
535,5271 242,2424
536,6064 242,2646
537,6862 242,2867
538,7499 242,3084
539,7917 242,3297
540,8126 242,3505
541,8572 242,3718
542,9435 242,3899
544,0383 242,4004
545,1342 242,3979
546,2455 242,3799
547,3399 242,3495
548,3911 242,3086
549,3916 242,2547
550,3221 242,1852
551,1782 242,101
552,0037 241,9962
552,795 241,8766
553,5664 241,7464
554,3124 241,6124
555,0347 241,4765
555,8384 241,3183
556,7568 241,1339
557,6943 240,9417
558,6536 240,7425
559,6184 240,5404
560,5988 240,3332
561,6084 240,113
562,6127 239,8855
563,5954 239,6546
564,5535 239,4227
565,509 239,1868
566,4822 238,943
567,423 238,7043
568,3333 238,4706
569,3053 238,2181
570,311 237,9587
571,2701 237,7144
572,1932 237,4813
573,1004 237,25
573,968 237,0281
574,7828 236,8207
575,6104 236,6149
576,4722 236,4048
577,3295 236,1942
578,1575 235,9899
578,9429 235,7968
579,7163 235,6093
580,4695 235,4295
581,2323 235,2498
581,9869 235,0733
582,7347 234,8997
583,4803 234,7298
584,2601 234,5608
585,0839 234,3947
585,9543 234,2325
586,9091 234,0724
587,9259 233,9169
588,9558 233,7685
589,9692 233,627
590,9861 233,4969
592,0299 233,383
593,1096 233,2927
594,1871 233,247
595,2411 233,2631
596,2623 233,3886
597,2885 233,6977
598,2889 234,1717
599,212 234,7422
600,0731 235,3944
600,886 236,1069
601,6358 236,831
602,3375 237,5589
602,9811 238,2588
603,6127 238,9725
604,2507 239,7118
604,8755 240,4432
605,4703 241,1474
606,0236 241,8112
606,5754 242,48
607,1831 243,2157
607,8323 243,9971
608,4751 244,767
609,095 245,4776
609,6889 246,1118
610,3247 246,6725
611,0559 247,1586
611,8301 247,5578
612,6581 247,8768
613,5416 248,1295
614,4738 248,33
615,4738 248,495
616,5058 248,6342
617,5244 248,752
618,4839 248,8508
619,3827 248,93
620,2598 248,9913
621,1425 249,0377
622,0017 249,0725
622,8416 249,092
623,7068 249,0707
624,5971 248,9955
625,524 248,8598
626,4779 248,6693
627,4011 248,4494
628,2737 248,2195
629,1228 247,9811
629,9698 247,7309
630,843 247,4621
631,756 247,1736
632,6709 246,8819
633,5903 246,5881
634,4742 246,3052
635,3304 246,0282
636,1705 245,7474
636,9952 245,459
637,8036 245,1592
638,6418 244,8154
639,5181 244,4178
640,3914 243,9903
641,2831 243,5248
642,2126 243,0164
643,186 242,4701
644,1685 241,9116
645,098 241,3792
645,9576 240,8847
646,8397 240,375
647,7268 239,8531
648,5765 239,3363
649,3613 238,8412
650,0931 238,3611
650,7887 237,8871
651,4935 237,3793
652,2352 236,816
652,9994 236,2156
653,7026 235,6531
654,3641 235,1165
655,0418 234,5574
655,7919 233,9236
656,5919 233,2311
657,3821 232,5282
658,1658 231,8008
658,9404 231,0492
659,6948 230,2898
660,3641 229,5986
660,9974 228,9238
661,6213 228,2497
662,2605 227,554
662,9399 226,8041
663,6323 226,0292
664,2936 225,2812
664,9072 224,5732
665,4666 223,9109
666,0126 223,2345
666,5681 222,5136
667,1179 221,7756
667,6619 221,0293
668,2037 220,2738
668,7629 219,4786
669,3496 218,6354
669,9435 217,776
670,5239 216,9298
671,0889 216,0982
671,6298 215,2997
672,1365 214,5537
672,6564 213,7937
673,1963 213,0077
673,7275 212,2324
674,241 211,482
674,7264 210,7733
675,2108 210,0642
675,7272 209,3086
676,2627 208,5259
676,7848 207,7632
677,2941 207,0028
677,8061 206,2083
678,2969 205,4211
678,7808 204,6203
679,2631 203,8031
679,725 203,0074
680,1673 202,2423
680,5865 201,5203
680,9839 200,8352
681,3739 200,155
681,8198 199,3665
682,3087 198,4978
682,7969 197,6241
683,2843 196,7545
683,7817 195,8584
684,2727 194,9467
684,7054 194,1047
685,0744 193,2968
685,3804 192,4453
685,6219 191,5285
685,796 190,5906
685,9103 189,627
685,9789 188,6896
686,0149 187,7828
686,0289 186,8989
686,0281 186,0172
686,0167 185,1256
685,9976 184,2178
685,9719 183,2533
685,9404 182,2144
685,9027 181,1117
685,8529 179,9622
685,7921 178,8145
685,7168 177,6969
685,6122 176,539
685,486 175,3887
685,3503 174,3178
685,213 173,3503
685,0692 172,4032
684,92 171,4471
684,7711 170,5154
684,6229 169,615
684,4788 168,7643
684,3328 167,8857
684,1937 166,9497
684,09 165,9544
684,0289 164,9328
684,0238 163,9187
684,0728 162,9621
684,1697 162,0751
684,3346 161,1532
684,5495 160,2129
684,7896 159,2999
685,0484 158,4059
685,325 157,5082
685,6246 156,5684
685,9363 155,6051
686,2524 154,6362
686,58 153,6386
686,9116 152,6336
687,2482 151,6243
687,5917 150,604
687,9257 149,6064
688,2621 148,6088
688,6187 147,5842
689,0157 146,5416
689,4449 145,5342
689,9459 144,5187
690,4986 143,516
691,0573 142,5769
691,6075 141,7019
692,1292 140,9021
692,6477 140,1321
693,202 139,3292
693,7935 138,486
694,3775 137,662
694,9378 136,8762
695,4713 136,1272
695,9805 135,4142
696,4838 134,7126
696,9902 134,0031
697,486 133,3064
698,0262 132,5483
698,5973 131,7523
699,1467 130,9899
699,6572 130,2832
700,1713 129,5717
700,7074 128,8282
701,2445 128,0787
701,791 127,3139
702,3854 126,4782
703,0137 125,5902
703,6348 124,708
704,238 123,8517
704,8037 123,053
705,3596 122,2755
705,9502 121,457
706,5898 120,575
707,2495 119,6673
707,8832 118,7962
708,4939 117,9544
709,1261 117,0834
709,8062 116,148
710,5085 115,1822
711,1879 114,2486
711,8376 113,3592
712,511 112,4439
713,1838 111,5253
713,8262 110,6468
714,479 109,7516
715,1715 108,8063
715,8815 107,8458
716,5629 106,9286
717,2454 106,012
717,9242 105,1007
718,6326 104,1378
719,3424 103,1584
720,0142 102,23
720,6632 101,3319
721,3405 100,3898
722,0361 99,41684
722,7122 98,46728
723,3486 97,57054
723,9425 96,73161
724,5335 95,88963
725,1331 95,02824
725,7767 94,09846
726,4175 93,16381
727,0142 92,29144
727,5569 91,50246
728,0728 90,75792
728,6263 89,96169
729,2032 89,12748
729,7775 88,29764
730,3552 87,46809
730,9195 86,66376
731,4679 85,88374
731,985 85,14648
732,5034 84,40221
733,0375 83,62973
733,5677 82,85892
734,0881 82,09964
734,5833 81,37552
735,074 80,65897
735,5812 79,92211
736,0826 79,19783
736,5977 78,45683
737,1293 77,6905
737,649 76,93158
738,1431 76,20915
738,6087 75,53396
739,0573 74,88748
739,4882 74,26708
739,9177 73,64796
740,3411 73,03746
740,762 72,4312
741,1956 71,80618
741,6478 71,14991
742,1341 70,44402
742,6552 69,69149
743,1826 68,93562
743,7144 68,1915
744,2341 67,48682
744,744 66,82645
745,3199 66,13112
745,9579 65,41446
746,6443 64,68474
747,3722 63,93845
748,1077 63,20554
748,84 62,49054
749,6229 61,73756
750,4243 60,98114
751,2003 60,28291
751,9308 59,66806
752,6713 59,13354
753,4388 58,68645
754,2063 58,32918
754,9683 58,05106
755,726 57,83882
756,5592 57,66977
757,4889 57,52846
758,4658 57,4091
759,439 57,31465
760,4033 57,24651
761,3633 57,2019
762,2823 57,17541
763,1652 57,16507
764,0236 57,17433
764,8444 57,19983
765,6563 57,26519
766,4664 57,39343
767,3021 57,61458
768,1755 57,9368
769,08 58,35144
769,9809 58,81971
770,8798 59,33763
771,813 59,94403
772,7402 60,61377
773,5969 61,29622
774,3884 61,99477
775,1769 62,77358
775,9602 63,62169
776,7205 64,52227
777,4139 65,42581
778,013 66,28619
778,5294 67,13354
778,9777 67,98787
779,3719 68,86546
779,7269 69,79037
780,0455 70,74469
780,3051 71,71606
780,4973 72,73451
780,6045 73,87019
780,6258 75,06126
780,58 76,21346
780,4895 77,27426
780,3427 78,325
780,1552 79,33471
779,9368 80,29414
779,6791 81,24401
779,3889 82,18759
779,0799 83,11013
778,7718 83,97998
778,4539 84,82796
778,1111 85,67932
777,7045 86,60382
777,2583 87,54937
776,8256 88,41939
776,3989 89,23418
775,934 90,08178
775,4447 90,95143
774,928 91,85747
774,4448 92,69879
773,9882 93,48798
773,5205 94,28728
773,0364 95,10992
772,5466 95,94389
772,0601 96,77899
771,5654 97,62779
771,0421 98,52411
770,4999 99,45237
769,9691 100,3592
769,4335 101,2685
768,8721 102,2116
768,3056 103,1548
767,7676 104,0445
767,2593 104,8845
766,7888 105,6647
766,3499 106,3962
765,9188 107,1165
765,4596 107,879
764,9757 108,6729
764,4918 109,461
764,0257 110,2237
763,5801 110,9549
763,1581 111,6467
762,7512 112,3136
762,3601 112,9557
761,9518 113,6261
761,5106 114,3492
761,0562 115,0925
760,5935 115,8405
760,1397 116,5623
759,6803 117,2824
759,1798 118,0583
758,6422 118,8877
758,1025 119,7224
757,5679 120,5481
757,0581 121,3311
756,5688 122,0819
756,0479 122,8856
755,511 123,7087
755,0078 124,4768
754,5111 125,2384
753,9748 126,0713
753,4259 126,9203
752,8775 127,7561
752,3267 128,5907
751,8011 129,3907
751,3105 130,1431
750,8566 130,8443
750,4335 131,501
750,0347 132,1222
749,6385 132,7361
749,2227 133,3735
748,7952 134,0215
748,3711 134,6589
747,9447 135,2996
747,5264 135,9317
747,1214 136,5482
746,6724 137,2382
746,1904 137,9835
745,6909 138,7528
745,1427 139,5916
744,5399 140,509
743,8981 141,4841
743,2505 142,4697
742,6404 143,4046
742,077 144,2693
741,563 145,0552
741,0928 145,7749
740,6597 146,4416
740,2473 147,0815
739,8517 147,6995
739,4479 148,3289
738,9786 149,0501
738,4648 149,8296
737,9701 150,5789
737,5121 151,2769
737,0781 151,9391
736,6634 152,5693
736,2639 153,1777
735,8788 153,769
735,4971 154,3594
735,0609 155,0374
734,5826 155,7772
734,11 156,5074
733,6626 157,2011
733,2129 157,9017
732,7252 158,6597
732,1995 159,4757
731,6775 160,2871
731,1743 161,0669
730,6771 161,83
730,1866 162,5678
729,7014 163,2844
729,2189 163,9904
728,7364 164,6964