748.85 158.1
748.4624 158.6752
748.0469 159.2996
747.6219 159.9408
747.2023 160.5728
746.7936 161.1903
746.3409 161.8725
745.8317 162.6387
745.2833 163.4629
744.718 164.3096
744.1987 165.0855
743.7106 165.8121
743.2184 166.5518
742.6984 167.3392
742.114 168.2201
741.5106 169.1217
740.9493 169.959
740.4435 170.7166
739.973 171.4258
739.4703 172.1877
738.9396 172.9903
738.4098 173.7907
737.907 174.5525
737.4253 175.2823
736.9052 176.0658
736.3602 176.8817
735.8323 177.6693
735.3182 178.4358
734.7881 179.2285
734.2485 180.0417
733.7275 180.8319
733.2404 181.5738
732.7826 182.2715
732.3301 182.9595
731.8524 183.6829
731.3362 184.4606
730.7955 185.2683
730.2399 186.1011
729.6725 186.9559
729.1025 187.8142
728.5848 188.5932
728.1013 189.3202
727.6029 190.0689
727.0753 190.8624
726.5433 191.6679
726.0127 192.4781
725.4849 193.2924
724.9619 194.1065
724.3881 195.0104
723.7681 195.9923
723.1226 197.0146
722.4828 198.0288
721.8674 199.0056
721.2645 199.9624
720.6589 200.9246
720.0665 201.8688
719.496 202.7784
718.963 203.6236
718.4528 204.4273
717.9539 205.2143
717.4739 205.9714
717.0203 206.6847
716.5903 207.3631
716.1841 208.0094
715.7925 208.6366
715.3867 209.282
714.9022 210.0499
714.3649 210.9017
713.8246 211.754
713.292 212.5828
712.7845 213.3592
712.2969 214.0938
711.771 214.8768
711.2238 215.6922
710.6809 216.4972
710.1281 217.308
709.5908 218.088
709.0869 218.8176
708.598 219.5272
708.1075 220.2395
707.6207 220.9443
707.1509 221.6216
706.6697 222.3172
706.1669 223.0489
705.6638 223.7838
705.1642 224.5134
704.6597 225.2467
704.1653 225.9612
703.6931 226.6399
703.2328 227.298
702.7882 227.9312
702.3245 228.5893
701.8219 229.3011
701.2448 230.1165
700.6352 230.9716
700.0326 231.8119
699.3994 232.6879
698.7458 233.5863
698.1113 234.459
697.4851 235.3189
696.8268 236.216
696.1479 237.1376
695.4919 238.037
694.8522 238.9202
694.1943 239.8299
693.527 240.7481
692.8904 241.6172
692.2904 242.4143
691.6546 243.2108
690.998 243.9815
690.3563 244.6871
689.7454 245.3194
689.1586 245.8956
688.5956 246.4267
688.0333 246.9439
687.4496 247.4751
686.8317 248.0298
686.161 248.6237
685.466 249.2358
684.7417 249.8755
684.0038 250.5318
683.2526 251.1984
682.4796 251.877
681.7125 252.5421
680.9656 253.1808
680.2612 253.7757
679.5698 254.3538
678.8237 254.9733
678.0157 255.6399
677.188 256.3174
676.3718 256.9803
675.5809 257.6198
674.7735 258.2744
673.9442 258.9506
673.1279 259.6183
672.3476 260.2538
671.6216 260.8398
670.9171 261.4016
670.1989 261.9622
669.3946 262.5656
668.5396 263.1686
667.6757 263.7375
666.7924 264.2802
665.9364 264.7791
665.129 265.2304
664.3774 265.6371
663.6338 266.0263
662.8672 266.4174
662.1046 266.8038
661.2957 267.2109
660.432 267.643
659.5588 268.081
658.697 268.5121
657.8417 268.9354
656.9821 269.3566
656.0533 269.796
655.0466 270.2442
653.9952 270.686
652.9376 271.1066
651.9369 271.4857
651.0129 271.8234
650.1353 272.1358
649.2208 272.4515
648.2816 272.7673
647.3391 273.0783
646.397 273.384
645.4496 273.6876
644.51 273.986
643.5623 274.2853
642.54 274.6125
641.4876 274.952
640.4419 275.2889
639.5021 275.5912
638.6355 275.8697
637.8113 276.1336
637.0305 276.3823
636.2644 276.6235
635.4163 276.8867
634.5254 277.1651
633.6698 277.4352
632.8718 277.6891
632.0681 277.9447
631.1906 278.218
630.2478 278.5033
629.3004 278.7823
628.3671 279.0505
627.482 279.3
626.613 279.5438
625.7449 279.7866
624.906 280.0203
624.1056 280.2421
623.3179 280.4593
622.4941 280.6846
621.6052 280.924
620.6777 281.1718
619.7267 281.4261
618.7421 281.6904
617.7847 281.9477
616.8583 282.1959
615.9857 282.4283
615.1555 282.6492
614.3528 282.8657
613.5455 283.086
612.6426 283.3324
611.6812 283.5927
610.7616 283.8401
609.9125 284.0678
609.0853 284.2914
608.191 284.5359
607.2341 284.7976
606.2742 285.0549
605.2936 285.3161
604.2872 285.5861
603.2955 285.8526
602.2668 286.1297
601.212 286.4137
600.1858 286.6864
599.2065 286.9442
598.259 287.1937
597.3156 287.4447
596.3269 287.7099
595.3551 287.9708
594.4244 288.221
593.538 288.4629
592.6929 288.6959
591.8958 288.9161
591.0991 289.1332
590.2212 289.3665
589.228 289.6277
588.1675 289.9069
587.1207 290.182
586.0914 290.4496
585.0579 290.7132
584.0701 290.9603
583.1121 291.1963
582.157 291.4303
581.2297 291.6602
580.3495 291.8773
579.4913 292.0858
578.6356 292.2952
577.8002 292.5006
576.9644 292.7057
576.1128 292.9128
575.2492 293.1227
574.41 293.3279
573.5955 293.5281
572.7974 293.7228
572.0227 293.9119
571.2795 294.0946
570.5158 294.283
569.6891 294.4884
568.8512 294.6991
567.9943 294.9139
567.1011 295.1344
566.205 295.351
565.3345 295.5609
564.5113 295.7617
563.693 295.9629
562.7925 296.1823
561.8167 296.4172
560.8297 296.6548
559.8077 296.9026
558.7539 297.1606
557.7166 297.4173
556.6678 297.677
555.6082 297.9382
554.5825 298.192
553.5912 298.4367
552.5464 298.6914
551.4797 298.9532
550.4288 299.2129
549.3403 299.4808
548.2296 299.7523
547.1553 300.0148
546.0798 300.2786
544.9943 300.5456
543.938 300.8044
542.8997 301.0593
541.882 301.312
540.9664 301.5398
540.1119 301.7488
539.2693 301.9531
538.3409 302.1813
537.3617 302.4254
536.3652 302.6729
535.3528 302.9211
534.363 303.1631
533.3914 303.4017
532.4717 303.6295
531.6 303.8461
530.7631 304.0515
529.8934 304.2659
528.9777 304.4944
528.0596 304.7211
527.1711 304.9392
526.3345 305.1453
525.5007 305.3498
524.6187 305.5658
523.7383 305.7822
522.8783 305.9958
522.0416 306.2067
521.1721 306.426
520.2551 306.6553
519.3341 306.8858
518.3766 307.126
517.3807 307.3768
516.412 307.6218
515.5015 307.8521
514.6526 308.0639
513.8192 308.2733
512.9349 308.4978
512.0157 308.7294
511.0143 308.9791
509.9858 309.2346
509.0012 309.4791
508.0346 309.7194
507.0681 309.9607
506.1334 310.197
505.2103 310.4286
504.2381 310.6696
503.2193 310.9215
502.2271 311.1678
501.2517 311.4131
500.2816 311.6599
499.2424 311.9244
498.1899 312.1888
497.2224 312.4287
496.3135 312.6521
495.4276 312.8707
494.5291 313.0927
493.5517 313.3361
492.516 313.5972
491.4232 313.8749
490.3215 314.1553
489.3301 314.4078
488.4261 314.6388
487.5447 314.8589
486.6669 315.0735
485.8201 315.2787
484.9618 315.4861
484.0197 315.7182
483.0266 315.9679
482.0248 316.2211
481.037 316.4657
480.0415 316.7071
479.0338 316.9468
478.0535 317.1722
477.1314 317.3785
476.2787 317.5657
475.4724 317.7406
474.7085 317.9052
473.965 318.0668
473.2044 318.235
472.3752 318.4193
471.4977 318.6135
470.573 318.8188
469.6072 319.0337
468.6476 319.2436
467.7341 319.4415
466.8547 319.6321
465.9277 319.8343
465.0041 320.0375
464.0811 320.2442
463.1439 320.46
462.2257 320.6807
461.2991 320.9128
460.3325 321.1636
459.3467 321.427
458.3607 321.6964
457.364 321.9734
456.3692 322.2536
455.3846 322.5327
454.3682 322.8216
453.3416 323.1145
452.3251 323.4077
451.2796 323.7098
450.2227 324.016
449.179 324.3214
448.151 324.6212
447.1115 324.9214
446.1154 325.2076
445.1177 325.4952
444.1061 325.7899
443.1196 326.0827
442.1561 326.3729
441.1331 326.6833
440.0872 327.0027
439.0419 327.3253
437.9951 327.6521
436.943 327.9838
435.9403 328.3011
435.0175 328.5931
434.1102 328.8762
433.1811 329.1646
432.2383 329.4605
431.3205 329.7493
430.4575 330.0191
429.5798 330.2937
428.6646 330.5805
427.7263 330.8732
426.8597 331.1423
426.0362 331.3961
425.2234 331.6455
424.4365 331.8867
423.672 332.1202
422.9223 332.3459
422.112 332.5867
421.2309 332.8472
420.3292 333.1127
419.4198 333.3794
418.5058 333.6467
417.6268 333.9046
416.8033 334.1484
415.9671 334.3861
415.1022 334.5997
414.0521 334.7708
412.9052 334.8926
411.7435 334.9693
410.5474 335.004
409.3605 335.0058
408.2518 334.9867
407.2222 334.953
406.2139 334.9037
405.2432 334.8426
404.3347 334.7744
403.4364 334.6877
402.5313 334.5748
401.63 334.4267
400.7697 334.2493
399.947 334.0385
399.1541 333.7871
398.4021 333.5081
397.6645 333.1987
396.8268 332.8081
395.9131 332.356
394.998 331.8871
394.0724 331.3997
393.1216 330.8917
392.1678 330.381
391.3047 329.9174
390.5069 329.4839
389.7206 329.0291
388.9319 328.523
388.1849 327.9707
387.5091 327.3854
386.9166 326.7888
386.3978 326.1815
385.9426 325.5733
385.5242 324.9447
385.1363 324.3105
384.7679 323.67
384.412 323.0212
384.0553 322.3455
383.7064 321.666
383.3552 320.9785
382.9531 320.206
382.5167 319.3883
382.081 318.5944
381.6406 317.8175
381.2014 317.0683
380.7736 316.3608
380.3489 315.6829
379.931 315.0375
379.502 314.3886
379.0171 313.6659
378.4465 312.8254
377.8287 311.92
377.2222 311.0281
376.6403 310.1705
376.0992 309.3737
375.5611 308.6073
374.9931 307.8423
374.3433 307.0224
373.65 306.1971
372.971 305.4284
372.3041 304.7083
371.6362 304.0116
370.8997 303.2606
370.1084 302.4636
369.2846 301.6433
368.4523 300.8223
367.6124 300.0004
366.7925 299.2028
365.9609 298.3985
365.1232 297.6016
364.2941 296.8344
363.4505 296.0789
362.6804 295.4034
361.9703 294.7914
361.2943 294.2198
360.6532 293.6873
360.0281 293.1796
359.422 292.6982
358.825 292.2288
358.1589 291.7041
357.4467 291.1501
356.728 290.5944
355.9818 290.018
355.2166 289.4272
354.473 288.8513
353.7752 288.3081
353.067 287.7502
352.3222 287.1559
351.4946 286.4888
350.6473 285.802
349.8295 285.1339
349.008 284.4594
348.154 283.7541
347.2519 283.0107
346.3032 282.2289
345.3494 281.4415
344.4452 280.6989
343.6063 280.0135
342.8445 279.3931
342.1101 278.7986
341.3622 278.1999
340.5997 277.5969
339.8937 277.0464
339.2145 276.5325
338.4953 276.0082
337.7268 275.4616
336.9524 274.915
336.1511 274.354
335.3367 273.7884
334.5527 273.2469
333.783 272.718
332.959 272.1528
332.0873 271.5558
331.2184 270.9646
330.3571 270.3813
329.4503 269.7707
328.4769 269.1366
327.4496 268.5062
326.4004 267.9037
325.387 267.3536
324.364 266.8284
323.3208 266.3154
322.295 265.8268
321.3083 265.369
320.3361 264.928
319.3873 264.5037
318.4512 264.087
317.4996 263.6624
316.5544 263.2405
315.5474 262.8093
314.5031 262.3926
313.487 262.0231
312.4773 261.7034
311.4399 261.4268
310.3943 261.1906
309.3975 260.9934
308.4771 260.8299
307.56 260.6794
306.6132 260.5315
305.6281 260.388
304.6413 260.2503
303.702 260.1212
302.7364 259.9941
301.726 259.8699
300.7142 259.7526
299.7196 259.6539
298.7798 259.5813
297.9091 259.5349
297.1031 259.5104
296.3063 259.5117
295.473 259.5384
294.6257 259.5803
293.7858 259.6329
292.9771 259.6924
292.1931 259.7562
291.3983 259.8249
290.6071 259.8962
289.8384 259.968
289.0782 260.0413
288.3354 260.1145
287.5942 260.1888
286.8643 260.2628
286.1311 260.3354
285.4059 260.404
284.6885 260.4711
283.8805 260.5498
283.0193 260.6375
282.1937 260.7266
281.4204 260.8159
280.6398 260.9271
279.7977 261.0803
278.9077 261.2724
278.0709 261.4712
277.2658 261.6807
276.4567 261.9055
275.6262 262.1439
274.8089 262.3818
274.0273 262.6104
273.2094 262.8507
272.3344 263.1099
271.4446 263.3774
270.5273 263.6583
269.5152 263.9727
268.4454 264.3092
267.3965 264.6475
266.3704 264.996
265.3121 265.3886
264.248 265.813
263.2077 266.2495
262.2871 266.6482
261.4226 267.0371
260.5449 267.4435
259.6536 267.8631
258.7832 268.2766
257.9637 268.6676
257.1929 269.0379
256.4704 269.3878
255.75 269.7439
254.9539 270.1522
254.0893 270.6143
253.2175 271.1048
252.3802 271.5976
251.6031 272.0715
250.8748 272.5312
250.1946 272.9734
249.5384 273.4098
248.9066 273.8353
248.2874 274.2541
247.671 274.6689
247.0569 275.0818
246.4543 275.4882
245.8063 275.9321
245.0982 276.4308
244.3423 276.9915
243.5596 277.6081
242.7443 278.2917
241.9284 279.0104
241.1548 279.7184
240.4488 280.3851
239.7799 281.0358
239.1258 281.6875
238.4992 282.3244
237.9119 282.9317
237.3114 283.5691
236.6898 284.2507
236.083 284.9459
235.5158 285.6328
234.9998 286.2952
234.5062 286.9782
233.9911 287.7401
233.4296 288.6027
232.8253 289.5487
232.2085 290.5258
231.6226 291.4666
231.0817 292.3425
230.5901 293.1411
230.1158 293.9174
229.6451 294.7112
229.1996 295.4927
228.7771 296.2966
228.3712 297.1506
227.9773 298.0617
227.6106 298.9748
227.2813 299.8447
226.9617 300.7399
226.6248 301.7187
226.2751 302.7533
225.9367 303.7752
225.6012 304.8023
225.2656 305.8383
224.9453 306.8449
224.6351 307.8425
224.33 308.8647
224.0327 309.9333
223.7457 311.0565
223.4695 312.2305
223.2028 313.4514
222.9435 314.7178
222.6988 315.9791
222.4806 317.1649
222.2895 318.251
222.1159 319.2661
221.9488 320.2397
221.7913 321.1584
221.6463 322.0128
221.5089 322.8477
221.3656 323.7669
221.2204 324.7373
221.0825 325.6726
220.9543 326.5421
220.8336 327.3874
220.7205 328.2403
220.6248 329.0807
220.5614 330.0192
220.5341 330.983
220.5553 331.9827
220.6332 333.045
220.7569 334.1394
220.903 335.2003
221.0646 336.2325
221.2425 337.2784
221.4402 338.3741
221.6533 339.5039
221.8639 340.5864
222.0827 341.6329
222.3335 342.6997
222.6175 343.7817
222.9185 344.8274
223.2405 345.8624
223.5815 346.9006
223.9245 347.9087
224.2799 348.9209
224.6473 349.9409
225.0105 350.928
225.3648 351.8695
225.7452 352.8522
226.1411 353.8514
226.5295 354.8147
226.9095 355.7444
227.2864 356.6614
227.6826 357.6224
228.073 358.5663
228.443 359.4575
228.7891 360.2877
229.1311 361.1085
229.4988 361.9976
229.891 362.95
230.2879 363.9062
230.6918 364.8703
231.1015 365.844
231.4934 366.7753
231.8691 367.6693
232.2367 368.5449
232.6062 369.4233
233.0132 370.368
233.4559 371.3757
233.9149 372.4073
234.3731 373.4265
234.7862 374.3405
235.1672 375.1826
235.5502 376.0323
235.9572 376.9469
236.3777 377.8983
236.8348 378.9269
237.3022 379.9585
237.7369 380.9103
238.1272 381.7671
238.4846 382.5545
238.8161 383.2853
239.1349 383.9875
239.4585 384.6959
239.7981 385.4267
240.1467 386.1557
240.5486 386.9595
240.9874 387.8123
241.4189 388.6396
241.8245 389.4131
242.209 390.1437
242.6268 390.9337
243.0735 391.7747
243.5328 392.644
244.0008 393.5472
244.4518 394.4529
244.8882 395.3953
245.3148 396.4127
245.7232 397.4963
246.1109 398.6257
246.4636 399.7537
246.7645 400.8525
246.9971 401.9152
247.1626 402.9067
247.2673 403.8436
247.3074 404.7755
247.2715 405.8001
247.1758 406.8789
247.0432 407.9283
246.8696 408.9677
246.6324 410.0594
246.3389 411.1757
246.0124 412.2486
245.6684 413.2602
245.3291 414.1866
244.9921 415.0362
244.6586 415.8123
244.3202 416.5301
243.9621 417.1994
243.5521 417.8524
243.0241 418.5558
242.4092 419.2785
241.7611 419.9742
241.0424 420.691
240.2677 421.4292
239.4843 422.1499
238.6855 422.8569
237.8689 423.5463
237.0783 424.1848
236.3164 424.7596
235.4883 425.3168
234.6063 425.8511
233.7162 426.346
232.7594 426.8415
231.7539 427.3402
230.7247 427.8338
229.7076 428.3116
228.7511 428.7548
227.8768 429.1556
227.061 429.5277
226.3005 429.8745
225.5747 430.2064
224.867 430.5313
224.116 430.8767
223.2768 431.2552
222.3883 431.65
221.4849 432.0477
220.5836 432.4383
219.7189 432.8127
218.8759 433.1808
218.0363 433.5472
217.1892 433.9163
216.3358 434.287
215.4833 434.6559
214.5928 435.0428
213.687 435.4395
212.7851 435.8336
211.8882 436.2242
210.9998 436.6119
210.1211 436.9962
209.2193 437.389
208.3107 437.7869
207.3759 438.2015
206.4189 438.6327
205.485 439.0621
204.607 439.4735
203.7988 439.8586
203.0503 440.2203
202.3519 440.5615
201.6382 440.9133
200.8952 441.2787
200.1554 441.6392
199.4383 441.9874
198.7524 442.321
198.078 442.6496
197.3192 443.0187
196.5001 443.4161
195.6554 443.8249
194.7878 444.2438
193.9451 444.6501
193.1304 445.044
192.2592 445.4672
191.3603 445.8973
190.4473 446.3286
189.5159 446.7664
188.5997 447.1954
187.6865 447.6279
186.7905 448.0569
185.8851 448.4912
184.9081 448.957
183.9309 449.4224
182.9858 449.8733
182.0219 450.3321
181.0017 450.8188
179.9239 451.3307
178.7963 451.8615
177.6686 452.3903
176.6083 452.8901
175.5945 453.3693
174.5789 453.8499
173.5265 454.3475
172.4593 454.852
171.4348 455.3394
170.4628 455.8031
169.5297 456.2462
168.6347 456.6677
167.7607 457.0756
166.8714 457.4878
165.9559 457.912
165.0677 458.3251
164.189 458.7315
163.3157 459.1304
162.451 459.5194
161.5963 459.898
160.7654 460.2617
159.9779 460.6037
159.1766 460.9536
158.337 461.3246
157.4921 461.7005
156.6463 462.0777
155.8325 462.4404
155.0581 462.7848
154.3274 463.109
153.5912 463.4352
152.8177 463.78
152.0363 464.1355
151.2505 464.5048
150.4904 464.8735
149.7628 465.2371
149.0391 465.609
148.2671 466.0156
147.4573 466.45
146.61 466.9106
145.7299 467.3923
144.8586 467.8688
143.9554 468.3636
143.0148 468.8808
142.0772 469.3957
141.1607 469.8998
140.3017 470.3748
139.5016 470.8195
138.7484 471.2373
137.9958 471.6505
137.2018 472.0834
136.3546 472.5413
135.4528 473.025
134.5653 473.4992
133.6641 473.9782
132.7393 474.4679
131.8281 474.9521
130.9308 475.4312
130.0462 475.9047
129.1618 476.3782
128.2571 476.8618
127.3582 477.3398
126.4199 477.8349
125.4532 478.3414
124.5094 478.8316
123.5989 479.3015
122.7128 479.7575
121.8753 480.1896
121.0987 480.5925
120.3126 481.0062
119.4918 481.4453
118.6695 481.8924
117.8127 482.364
116.9224 482.8582
116.0438 483.3511
115.1737 483.8424
114.3105 484.3298
113.4848 484.7989
112.7162 485.2404
111.9771 485.67
111.2427 486.0978
110.48 486.5352
109.6863 486.9783
108.8959 487.4069
108.1378 487.8072
107.3979 488.1876
106.6491 488.5623
105.8763 488.9372
105.1034 489.302
104.3563 489.647
103.6247 489.9779
102.897 490.3009
102.1685 490.6066
101.4184 490.8879
100.5962 491.1334
99.71547 491.3288
98.68889 491.4692
97.54576 491.5591
96.32993 491.6082
95.0742 491.627
93.82411 491.6204
92.57003 491.5899
91.30077 491.5391
90.01398 491.46
88.74534 491.3439
87.57127 491.2011
86.52388 491.0364
85.59898 490.8548
84.73231 490.6446
83.86332 490.3973
82.96202 490.1148
82.02085 489.7924
80.98846 489.3672
79.91969 488.8302
78.87379 488.1835
77.92542 487.4982
77.0807 486.7924
76.32547 486.0682
75.65425 485.3475
75.06287 484.6548
74.53581 483.9953
74.05887 483.3693
73.5898 482.7263
73.10396 482.0301
72.62634 481.3205
72.16768 480.6124
71.73326 479.9077
71.31133 479.1822
70.86281 478.3615
70.40819 477.4993
69.96257 476.6364
69.52332 475.7714
69.08944 474.9054
68.64293 474.007
68.19303 473.0952
67.7395 472.1739
67.27416 471.225
66.80133 470.2457
66.31604 469.2323
65.81325 468.1761
65.31066 467.1169
64.83836 466.1208
64.40479 465.205
64.01192 464.3729
63.64262 463.5847
63.29642 462.8382
62.96638 462.1219
62.64396 461.4259
62.30834 460.6901
61.93047 459.8312
61.5233 458.8765
61.11852 457.902
60.71229 456.9064
60.30697 455.9025
59.92143 454.9361
59.53984 453.9722
59.15391 452.9943
58.77677 452.0353
58.39109 451.0542
57.99655 450.0475
57.61485 449.0579
57.23354 448.0651
56.85077 447.08
56.48315 446.149
56.10708 445.2317
55.71073 444.3033
55.31201 443.3901
54.92069 442.5074
54.50029 441.5737
54.06287 440.618
53.61915 439.6639
53.16832 438.7057
52.72786 437.7731
52.28179 436.8216
51.83831 435.8528
51.40876 434.8847
50.99437 433.9293
50.58936 432.9746
50.19101 432.0126
49.81462 431.0775
49.44567 430.1411
49.0711 429.1801
48.70982 428.2487
48.36667 427.3581
48.04292 426.502
47.73422 425.6698
47.43404 424.8531
47.13005 424.013
46.79813 423.0738
46.44946 422.0705
46.10809 421.0811
45.76909 420.0879
45.41666 419.0399
45.05603 417.9539
44.7059 416.8898
44.37196 415.8381
44.06863 414.8041
43.80968 413.8292
43.59577 412.9028
43.41151 411.9186
43.25327 410.8934
43.11697 409.8436
42.99502 408.7622
42.88017 407.6468
42.77925 406.6136
42.68952 405.6451
42.60648 404.7053
42.5354 403.7766
42.4815 402.8867
42.44524 402.0505
42.42405 401.267
42.41438 400.5271
42.4129 399.8199
42.41695 399.1355
42.43066 398.424
42.45835 397.6613
42.50618 396.8271
42.57637 395.916
42.66219 394.9765
42.76382 393.9862
42.87903 392.9485
43.00188 391.9146
43.13482 390.8451
43.27467 389.7437
43.41516 388.6615
43.55423 387.5952
43.69019 386.5536
43.82367 385.5472
43.96288 384.5452
44.11473 383.4629
44.27158 382.3493
44.42902 381.246
44.57807 380.2101
44.71457 379.265
44.85192 378.3479
44.99856 377.4335
45.15243 376.5374
45.30714 375.6857
45.46381 374.8626
45.62329 374.0517
45.79292 373.204
45.98322 372.2827
46.19212 371.2922
46.40688 370.2728
46.60525 369.3344
46.79593 368.4519
46.98878 367.5762
47.17655 366.7283
47.36007 365.9001
47.54289 365.0815
47.74268 364.222
47.96754 363.2856
48.21857 362.2679
48.48418 361.2163
48.74546 360.2041
48.98798 359.2677
49.20712 358.4123
49.40809 357.6215
49.59571 356.8818
49.79423 356.1306
50.04739 355.2692
50.35346 354.3272
50.70542 353.3494
51.10421 352.3377
51.54492 351.2918
52.00115 350.2507
52.46959 349.2242
52.96693 348.2167
53.47022 347.2832
53.99811 346.4373
54.57295 345.6723
55.21847 344.9751
55.95137 344.3261
56.73514 343.7324
57.5948 343.1688
58.5116 342.6288
59.42601 342.1237
60.33146 341.6435
61.26004 341.175
62.20985 340.7301
63.12895 340.3328
64.05634 339.9843
65.00752 339.6842
65.94547 339.4393
66.90827 339.2355
67.91112 339.0595
68.91393 338.9077
69.93374 338.7715
70.97797 338.6449
72.02504 338.5265
72.97673 338.4237
73.86651 338.3321
74.79041 338.2391
75.78045 338.1389
76.79645 338.0358
77.80071 337.9333
78.74894 337.8359
79.6326 337.7444
80.45999 337.6585
81.25768 337.5729
82.02391 337.4866
82.82041 337.3965
83.68328 337.3012
84.57867 337.2015
85.49435 337.0979
86.38419 336.9962
87.26643 336.8932
88.19666 336.7818
89.13572 336.6683
90.03697 336.5601
90.9297 336.4558
91.85727 336.3483
92.77145 336.2403
93.65434 336.136
94.60272 336.0275
95.59408 335.9163
96.53217 335.812
97.39436 335.7163
98.19645 335.6253
98.94998 335.5365
99.68816 335.4471
100.4505 335.3542
101.2271 335.2593
102.0323 335.1604
102.873 335.0567
103.7873 334.9428
104.7086 334.8267
105.6176 334.7102
106.5964 334.5821
107.6032 334.4481
108.5978 334.312
109.6175 334.1696
110.6469 334.0266
111.6697 333.881
112.7016 333.733
113.6912 333.5937
114.6633 333.4554
115.6389 333.3134
116.5885 333.1772
117.5679 333.0354
118.5927 332.8813
119.66 332.7139
120.748 332.5375
121.8493 332.3557
122.8982 332.1815
123.9355 332.009
124.9758 331.8356
125.9829 331.666
126.979 331.4995
127.9763 331.3337
128.9303 331.1747
129.8732 331.0147
130.8262 330.8516
131.7871 330.6883
132.7512 330.5227
133.7906 330.3447
134.8739 330.1621
135.9268 329.9851
136.9647 329.8075
138.0222 329.6254
139.0813 329.4468
140.037 329.287
140.918 329.137
141.779 328.9914
142.7039 328.8387
143.7114 328.6721
144.7658 328.4952
145.7867 328.3214
146.7492 328.1573
147.6784 328.0008
148.5583 327.8527
149.3807 327.713
150.2374 327.5654
151.1616 327.4051
152.1148 327.2414
153.0775 327.0807
154.0817 326.9246
155.0903 326.7811
156.0907 326.6529
157.1054 326.5396
158.2218 326.4321
159.4098 326.3279
160.5911 326.2318
161.7145 326.1441
162.7648 326.0599
163.7793 325.9653
164.8335 325.8373
165.9717 325.6577
167.1571 325.4339
168.3168 325.1895
169.4185 324.9369
170.5369 324.6573
171.6241 324.3588
172.6448 324.0414
173.6131 323.6848
174.5018 323.3042
175.3188 322.8991
176.1555 322.4154
177.0027 321.8737
177.8396 321.2973
178.6915 320.6554
179.5379 319.951
180.3227 319.2172
181.0443 318.423
181.7171 317.5369
182.3336 316.5999
182.8768 315.6838
183.3613 314.7805
183.8037 313.8552
184.1933 312.9527
184.5337 312.076
184.8278 311.2442
185.0858 310.4504
185.3149 309.696
185.5222 308.9711
185.7103 308.2647
185.8883 307.5587
186.0591 306.8606
186.2395 306.1125
186.4479 305.2444
186.6804 304.2591
186.9201 303.2081
187.1437 302.1704
187.3447 301.1519
187.5175 300.191
187.6653 299.2744
187.7913 298.3831
187.9003 297.5009
188.0002 296.5789
188.0858 295.5948
188.1523 294.579
188.1996 293.5574
188.2305 292.5027
188.2489 291.3989
188.2582 290.2454
188.2615 289.05
188.2609 287.8635
188.2529 286.7455
188.2357 285.7288
188.2025 284.8062
188.1464 283.9272
188.0682 283.0552
187.9673 282.1565
187.8467 281.2157
187.7193 280.2721
187.5818 279.3032
187.4121 278.2615
187.2037 277.1833
186.9608 276.1442
186.6765 275.1377
186.3576 274.1619
186.0234 273.2336
185.6936 272.3735
185.3577 271.5452
184.9754 270.6558
184.5648 269.7363
184.1712 268.8698
183.808 268.075
183.4587 267.3099
183.0782 266.4711
182.6775 265.5758
182.2957 264.7126
181.9442 263.9104
181.6132 263.1403
181.2628 262.2979
180.8978 261.403
180.5532 260.5486
180.2228 259.7238
179.8958 258.9066
179.5716 258.0986
179.2589 257.3217
178.9417 256.5276
178.6178 255.7058
178.2879 254.8591
177.9378 253.9601
177.5586 253.0009
177.1541 251.9857
176.7292 250.9305
176.2859 249.8526
175.8427 248.7944
175.4056 247.7636
174.9673 246.7387
174.5496 245.7685
174.1621 244.87
173.7648 243.9469
173.3667 243.0219
172.983 242.1326
172.6239 241.3035
172.2881 240.5281
171.9744 239.8015
171.6571 239.0643
171.3232 238.2813
170.9896 237.4789
170.6575 236.6591
170.3389 235.8581
170.0314 235.0742
169.7322 234.2988
169.4174 233.4746
169.0857 232.603
168.7554 231.7356
168.4223 230.8598
168.0742 229.9373
167.7037 228.9458
167.2995 227.8532
166.882 226.7176
166.4785 225.623
166.0929 224.5697
165.7051 223.5012
165.3033 222.3815
164.8979 221.2403
164.5072 220.1424
164.1159 219.0486
163.727 217.963
163.3581 216.9298
162.9973 215.9147
162.639 214.8956
162.3 213.8995
161.9736 212.9011
161.657 211.8924
161.3638 210.9258
161.0781 209.9599
160.7885 208.9647
160.5044 207.9681
160.2369 207.0016
159.994 206.0764
159.7925 205.1387
159.6438 204.1442
159.5464 203.0791
159.4913 201.9491
159.4681 200.7676
159.4659 199.589
159.4769 198.4452
159.4965 197.3478
159.5247 196.2971
159.5659 195.2866
159.6166 194.3201
159.6709 193.4167
159.7343 192.5195
159.8113 191.6064
159.9035 190.7135
160.0389 189.8179
160.2423 188.8951
160.5098 187.9622
160.8185 187.0588
161.1617 186.1808
161.5293 185.3257
161.8988 184.5172
162.3034 183.6788
162.7488 182.7919
163.2124 181.897
163.6809 181.0235
164.155 180.1863
164.6497 179.4061
165.1586 178.7054
165.717 178.072
166.409 177.4597
167.2031 176.8894
168.0325 176.3887
168.9236 175.9326
169.8563 175.5108
170.8006 175.1194
171.7387 174.7537
172.6782 174.4008
173.6335 174.0492
174.5738 173.7089
175.5461 173.3595
176.5893 172.9895
177.6967 172.5983
178.81 172.2051
179.9678 171.7972
181.0956 171.4014
182.1636 171.0263
183.1837 170.6689
184.13 170.3391
185.0101 170.034
185.9312 169.7162
186.8802 169.3909
187.8191 169.0716
188.7797 168.7462
189.7494 168.4176
190.6348 168.1188
191.4669 167.8432
192.3214 167.5693
193.2252 167.2876
194.1401 167.0059
195.0847 166.717
196.1166 166.4066
197.2122 166.0828
198.3023 165.7634
199.3512 165.4585
200.3513 165.1728
201.3549 164.8895
202.3769 164.6018
203.3794 164.3198
204.404 164.0344
205.4529 163.7477
206.4807 163.4745
207.4479 163.2249
208.3674 162.9968
209.357 162.773
210.4281 162.5476
211.5246 162.3265
212.6846 162.0997
213.827 161.879
214.8846 161.6776
215.8385 161.4993
216.7661 161.3262
217.7043 161.149
218.6263 160.9744
219.5511 160.8013
220.5054 160.6257
221.4379 160.456
222.3716 160.2859
223.3153 160.1143
224.2619 159.9439
225.2053 159.776
226.1692 159.6022
227.1561 159.4202
228.1228 159.2411
229.0489 159.071
229.9159 158.9142
230.792 158.774
231.6922 158.6544
232.5744 158.5568
233.4527 158.4772
234.3416 158.4105
235.2071 158.3541
236.069 158.3043
236.9446 158.2578
237.8002 158.2148
238.6553 158.1734
239.5263 158.1322
240.379 158.0924
241.2323 158.0529
242.1023 158.0128
242.9543 157.9736
243.7813 157.9364
244.5862 157.9029
245.4007 157.8724
246.283 157.8427
247.2573 157.8126
248.3696 157.7814
249.5786 157.7509
250.8408 157.722
252.1273 157.695
253.4227 157.6698
254.5945 157.6499
255.6579 157.6398
256.643 157.64
257.5501 157.6482
258.4459 157.6652
259.3529 157.6902
260.2758 157.7213
261.2628 157.7603
262.3205 157.807
263.4378 157.8607
264.5824 157.9181
265.7141 157.9759
266.8135 158.0321
267.8503 158.0861
268.8431 158.1396
269.8126 158.1939
270.7715 158.2494
271.7667 158.3083
272.782 158.3692
273.7589 158.428
274.6674 158.4829
275.5049 158.5336
276.3786 158.5864
277.3208 158.6434
278.2898 158.7035
279.2405 158.7643
280.1379 158.8235
281.0126 158.8829
281.9134 158.9447
282.8413 159.008
283.7067 159.0662
284.5415 159.1212
285.3864 159.1768
286.2563 159.2355
287.1925 159.3011
288.1727 159.3714
289.1324 159.4398
290.0671 159.5078
290.952 159.575
291.8118 159.645
292.7462 159.7279
293.7188 159.8226
294.6682 159.9247
295.5992 160.036
296.5257 160.1563
297.5416 160.3004
298.6331 160.4646
299.7709 160.6393
300.9184 160.8172
302.1166 161.0049
303.3492 161.2013
304.5222 161.3917
305.61 161.5721
306.6194 161.7425
307.5708 161.9035
308.4839 162.0531
309.4191 162.2035
310.4313 162.3664
311.499 162.5388
312.555 162.7103
313.5727 162.8779
314.5198 163.0364
315.4126 163.1881
316.2721 163.3339
317.1639 163.4854
318.1147 163.6468
319.0862 163.809
320.0698 163.9744
321.0978 164.1539
322.2046 164.3569
323.347 164.5735
324.4502 164.785
325.5153 164.9906
326.545 165.192
327.5072 165.3831
328.4471 165.574
329.3687 165.7627
330.2969 165.9551
331.2208 166.1492
332.1315 166.3395
333.0428 166.531
333.9806 166.7271
334.98 166.9326
336.0521 167.1507
337.1692 167.379
338.2836 167.6101
339.2897 167.8197
340.2204 168.0101
341.1361 168.1932
342.0991 168.3865
343.1114 168.591
344.178 168.808
345.2889 169.0364
346.4254 169.2737
347.5999 169.5196
348.7706 169.7643
349.8666 169.9934
350.876 170.2039
351.7932 170.3942
352.6572 170.5744
353.4698 170.7464
354.279 170.92
355.1353 171.1041
356.0645 171.3027
357.0591 171.513
358.0796 171.7263
359.0149 171.9211
359.8896 172.1053
360.7801 172.3054
361.7182 172.5351
362.7081 172.7968
363.7231 173.0827
364.77 173.3931
365.8178 173.714
366.8107 174.0215
367.7224 174.3033
368.6299 174.585
369.5729 174.8814
370.5244 175.183
371.4557 175.4808
372.3335 175.7638
373.2011 176.0462
374.0924 176.3391
374.9818 176.6345
375.8993 176.9414
376.8878 177.2758
377.9496 177.6414
379.037 178.024
380.0781 178.401
381.1018 178.7829
382.1672 179.1902
383.2835 179.6251
384.4086 180.0694
385.4763 180.4957
386.5177 180.9152
387.5519 181.3323
388.6412 181.7691
389.7169 182.2004
390.7382 182.6101
391.7556 183.0184
392.8063 183.4406
393.8785 183.8721
394.9382 184.2985
395.9305 184.6965
396.8334 185.0569
397.693 185.4019
398.6108 185.7782
399.5679 186.1707
400.4742 186.5391
401.3059 186.8732
402.1179 187.196
403.0003 187.5444
403.9439 187.916
404.8861 188.2875
405.7828 188.644
406.6132 188.9784
407.4057 189.3004
408.196 189.6221
408.9664 189.9342
409.7036 190.2304
410.4485 190.5276
411.2216 190.8352
411.9903 191.14
412.7318 191.4326
413.4824 191.7283
414.2605 192.0352
415.0321 192.3421
415.7739 192.6405
416.4935 192.9337
417.1872 193.2195
417.8687 193.5036
418.5698 193.7989
419.3065 194.11
420.0466 194.4221
420.871 194.7685
421.7533 195.1422
422.6124 195.5099
423.4159 195.8571
424.183 196.1897
424.9498 196.5208
425.707 196.8469
426.4377 197.1612
427.1747 197.4794
427.9007 197.7945
428.6129 198.1043
429.3145 198.4071
430.0294 198.7147
430.8441 199.0676
431.7277 199.4532
432.5926 199.8311
433.4032 200.1842
434.2056 200.5332
435.0676 200.9035
435.9842 201.2922
436.8983 201.6806
437.7979 202.0656
438.6502 202.4322
439.4623 202.7818
440.2484 203.1175
441.0189 203.444
441.7606 203.7572
442.5184 204.0786
443.3522 204.4332
444.2401 204.8106
445.1153 205.1824
445.9543 205.54
446.7409 205.8774
447.486 206.198
448.2046 206.5037
448.9027 206.7988
449.5779 207.0842
450.271 207.3772
451.0723 207.7154
451.9455 208.0897
452.8098 208.4634
453.7323 208.8613
454.7205 209.2868
455.6938 209.7041
456.6414 210.1068
457.6235 210.5228
458.6277 210.9486
459.5899 211.3568
460.5283 211.755
461.5042 212.1629
462.5066 212.5729
463.4793 212.9643
464.4319 213.3473
465.4328 213.751
466.517 214.1856
467.6395 214.632
468.7252 215.0625
469.7603 215.4722
470.7142 215.8487
471.6163 216.205
472.4946 216.5555
473.3582 216.9039
474.2117 217.2497
475.0479 217.5879
475.8643 217.9158
476.7239 218.2595
477.6761 218.6353
478.6875 219.0261
479.6862 219.4024
480.6748 219.7632
481.6501 220.1082
482.5934 220.4352
483.5148 220.7512
484.3978 221.0504
485.226 221.3272
486.0821 221.6101
486.9784 221.9039
487.8698 222.1918
488.7888 222.4889
489.7459 222.8021
490.7018 223.1161
491.6877 223.4407
492.7015 223.7743
493.697 224.099
494.6385 224.4028
495.5079 224.6804
496.3552 224.9447
497.2491 225.2102
498.1807 225.4719
499.092 225.7157
500.0015 225.9476
500.8968 226.1681
501.75 226.3733
502.5956 226.5717
503.441 226.7631
504.357 226.9668
505.3531 227.1892
506.3991 227.4239
507.4688 227.6606
508.566 227.9004
509.6541 228.1385
510.7463 228.3762
511.8942 228.6144
513.0637 228.8407
514.1842 229.0416
515.2582 229.2151
516.2551 229.3591
517.2039 229.4798
518.1724 229.5877
519.1428 229.6864
520.1108 229.7795
521.0422 229.8665
521.9147 229.9467
522.812 230.0289
523.7601 230.116
524.7184 230.2039
525.6832 230.2899
526.6507 230.3711
527.5839 230.444
528.4992 230.5099
529.4039 230.5701
530.2715 230.6247
531.1936 230.6801
532.1887 230.7362
533.2079 230.7856
534.2263 230.8251
535.2349 230.8549
536.232 230.8767
537.2194 230.8925
538.1995 230.9043
539.2148 230.9135
540.247 230.9211
541.277 230.9276
542.2957 230.9333
543.2758 230.9359
544.2061 230.9292
545.1653 230.9002
546.1722 230.8449
547.1826 230.7708
548.195 230.6795
549.2013 230.5738
550.2106 230.4553
551.2455 230.3234
552.2758 230.1835
553.2847 230.0357
554.2686 229.876
555.229 229.6987
556.2012 229.4974
557.1885 229.2766
558.1476 229.0512
559.0582 228.8301
559.9061 228.6197
560.7054 228.4176
561.4603 228.2238
562.2478 228.02
563.1112 227.7955
564.0577 227.547
565.0564 227.2802
566.1082 226.9956
567.1331 226.7176
568.1031 226.4546
569.0168 226.2045
569.9431 225.9473
570.8945 225.6789
571.8274 225.4094
572.748 225.1401
573.685 224.8677
574.6266 224.5958
575.5973 224.3114
576.579 224.022
577.5775 223.7282
578.5961 223.4284
579.6132 223.127
580.5327 222.8533
581.3869 222.5988
582.1978 222.3596
582.9662 222.1367
583.7665 221.9121
584.6315 221.6792
585.5256 221.4496
586.4469 221.2324
587.3864 221.0359
588.3558 220.8706
589.3817 220.7391
590.4717 220.6378
591.6196 220.56
592.773 220.5002
593.8589 220.4544
594.8728 220.4226
595.8039 220.4043
596.6785 220.4034
597.5203 220.4312
598.3849 220.5189
599.2861 220.6828
600.1787 220.915
601.0531 221.2084
601.8782 221.5341
602.6489 221.8767
603.3715 222.2305
604.0759 222.63
604.783 223.1153
605.4535 223.6525
606.0681 224.2281
606.616 224.8188
607.1246 225.4574
607.6133 226.16
608.1229 226.9836
608.6361 227.8617
609.1364 228.7517
609.6342 229.6586
610.1278 230.5488
610.6445 231.4313
611.1966 232.3036
611.7515 233.1225
612.3062 233.8779
612.9305 234.6375
613.6121 235.3668
614.2936 236.0041
614.9553 236.5429
615.645 237.0153
616.4397 237.4606
617.3307 237.8807
618.255 238.2519
619.1887 238.5549
620.1282 238.7816
621.1138 238.9383
622.1625 239.0335
623.2601 239.0773
624.3491 239.081
625.4147 239.0425
626.5266 238.9411
627.6265 238.7662
628.6992 238.5088
629.7487 238.1789
630.745 237.8085
631.6941 237.4077
632.606 236.982
633.4644 236.5542
634.2571 236.1425
635.0466 235.7127
635.8615 235.2479
636.6735 234.7658
637.4639 234.2854
638.2116 233.8269
638.9622 233.3639
639.7443 232.8784
640.5319 232.3862
641.3395 231.8708
642.192 231.3166
643.1033 230.7108
644.0755 230.047
645.0619 229.3604
646.0004 228.7025
646.9173 228.0556
647.8246 227.4079
648.6924 226.7747
649.498 226.1624
650.226 225.5809
650.8921 225.0105
651.4987 224.4534
652.0908 223.8646
652.6944 223.2209
653.2905 222.5497
653.8646 221.8793
654.4045 221.2341
654.9131 220.6158
655.3923 220.0248
655.8596 219.4409
656.3137 218.867
656.7665 218.2887
657.2247 217.6966
657.6943 217.0854
658.1607 216.4766
658.626 215.8651
659.0895 215.2427
659.5823 214.5719
660.1192 213.8373
660.6599 213.0955
661.1863 212.3718
661.6945 211.6732
662.2257 210.9462
662.7864 210.1812
663.3455 209.4141
663.8824 208.6678
664.4028 207.9276
664.9105 207.1781
665.3962 206.4357
665.8694 205.6877
666.3375 204.9244
666.7866 204.1736
667.2074 203.456
667.615 202.749
668.0611 201.9627
668.5317 201.1215
668.9871 200.3025
669.4124 199.5365
669.8257 198.7859
670.2609 197.9899
670.7224 197.135
671.1774 196.2594
671.6106 195.3808
672.0161 194.5049
672.3929 193.627
672.7316 192.7803
673.0356 191.9552
673.306 191.1371
673.5376 190.2938
673.7221 189.4185
673.8617 188.4746
673.9566 187.5107
674.0095 186.5428
674.0245 185.535
674.0107 184.5291
673.978 183.5749
673.9254 182.6058
673.8548 181.6054
673.771 180.6159
673.6725 179.6476
673.5565 178.6935
673.4283 177.7841
673.2935 176.9359
673.1377 176.0657
672.9581 175.1437
672.7653 174.2076
672.5578 173.2377
672.3486 172.2388
672.1575 171.2707
671.9903 170.3581
671.8447 169.4783
671.7181 168.5694
671.6072 167.6111
671.5081 166.6047
671.4172 165.4992
671.3406 164.3411
671.2824 163.2268
671.2424 162.2052
671.2183 161.243
671.2121 160.2825
671.2399 159.2931
671.3204 158.2866
671.475 157.239
671.6936 156.1862
671.9497 155.1869
672.2209 154.2725
672.5059 153.4177
672.7934 152.6222
673.0963 151.8296
673.4282 150.9941
673.7811 150.1383
674.1447 149.2891
674.5151 148.4612
674.8966 147.6542
675.2775 146.8893
675.6677 146.1439
676.076 145.3945
676.5107 144.623
676.979 143.8125
677.4591 142.994
677.9335 142.1897
678.3838 141.4261
678.8394 140.6554
679.3198 139.8505
679.8125 139.0409
680.3173 138.233
680.811 137.4617
681.3114 136.6986
681.8336 135.9169
682.3589 135.1384
682.9003 134.338
683.4855 133.4747
684.1021 132.5685
684.7123 131.6755
685.2923 130.8301
685.8278 130.0524
686.328 129.3319
686.7972 128.6641
687.248 128.0242
687.7029 127.3776
688.1781 126.7094
688.6568 126.0445
689.1445 125.3714
689.6653 124.6476
690.2345 123.8578
690.8484 123.0093
691.4916 122.1227
692.1324 121.2422
692.7447 120.4003
693.3302 119.5917
693.9148 118.7823
694.4936 117.9807
695.0743 117.1804
695.6697 116.36
696.2448 115.5628
696.7953 114.7933
697.3315 114.0391
697.8625 113.2905
698.3976 112.5397
698.9455 111.776
699.484 111.027
700.0176 110.2836
700.5659 109.5179
701.1023 108.7677
701.6343 108.0264
702.2061 107.2388
702.8047 106.4182
703.3864 105.6193
703.9346 104.8598
704.4409 104.1507
704.932 103.4519
705.4307 102.7326
705.9265 102.0162
706.4154 101.308
706.9061 100.5946
707.4259 99.83865
707.9644 99.05482
708.5031 98.26637
709.0163 97.50961
709.5023 96.7937
709.9777 96.09971
710.4672 95.3908
710.9648 94.67131
711.4531 93.96686
711.92 93.29546
712.3966 92.60771
712.9005 91.87547
713.4704 91.04388
714.072 90.1723
714.6627 89.3239
715.2526 88.48459
715.8171 87.68795
716.3879 86.88464
716.9747 86.05879
717.5574 85.24435
718.1239 84.45391
718.7209 83.61432
719.3292 82.75557
719.9012 81.94402
720.4232 81.1992
720.9153 80.49451
721.3801 79.82893
721.8312 79.18041
722.288 78.52033
722.7622 77.83649
723.2336 77.15856
723.7075 76.47549
724.2041 75.75127
724.7339 74.97905
725.277 74.18773
725.804 73.41795
726.3195 72.66113
726.8525 71.8728
727.4163 71.03406
727.9937 70.17931
728.5482 69.36051
729.084 68.56964
729.611 67.79216
730.1176 67.04585
730.6518 66.25786
731.213 65.42513
731.7999 64.54951
732.3809 63.68463
732.9291 62.87438
733.4345 62.13145
733.8994 61.45002
734.3667 60.75883
734.8718 60.00414
735.4194 59.19212
735.9695 58.38998
736.5105 57.63308
737.1096 56.85915
737.7545 56.09973
738.407 55.396
739.0706 54.73692
739.7637 54.09454
740.5029 53.44341
741.2599 52.79821
742.0208 52.1634
742.7493 51.56302
743.4652 50.97607
744.2346 50.35168
745.0556 49.70034
745.8854 49.0704
746.7538 48.47564
747.6509 47.93782
748.5261 47.47555
749.3676 47.08944
750.2693 46.74622
751.1954 46.43779
752.0972 46.16688
752.9468 45.93262
753.8018 45.71265
754.6895 45.49378
755.5771 45.28104
756.5037 45.06195
757.4695 44.83952
758.4276 44.63761
759.3576 44.47721
760.2351 44.36542
761.0865 44.30523
761.9017 44.28904
762.6921 44.31008
763.469 44.36371
764.2826 44.45104
765.138 44.56605
765.9951 44.69758
766.8196 44.83585
767.623 44.98016
768.5045 45.14806
769.4344 45.33104
770.4048 45.53497
771.3972 45.7664
772.3555 46.02561
773.2433 46.30795
774.1476 46.65923
775.0782 47.08332
776.0197 47.55868
776.9171 48.03719
777.7458 48.49487
778.5311 48.93961
779.3217 49.39482
780.115 49.85813
780.8842 50.31445
781.6096 50.75175
782.343 51.20092
783.1121 51.68026
783.887 52.17604
784.6594 52.69093
785.4763 53.26438
786.3369 53.89513
787.2051 54.55201
787.9841 55.15623
788.6873 55.72457
789.3528 56.31707
790.0188 57.00459
790.7014 57.82808
791.3805 58.75436
792.0211 59.71037
792.601 60.64495
793.1108 61.54136
793.5361 62.40997
793.8693 63.23777
794.1193 64.02042
794.3056 64.80264
794.4468 65.64658
794.5497 66.53776
794.62 67.84691
794.6604 69.39284
794.6769 70.96199
794.6691 72.48087
794.6365 73.93126
794.5834 75.27919
794.5165 76.50426
794.4387 77.63232
794.3503 78.71786
794.2575 79.75711
794.16 80.74969
794.0543 81.71424
793.9323 82.63065
793.7924 83.48283
793.6215 84.29613
793.4237 85.06584
793.1852 85.82724
792.887 86.63818
792.5346 87.5051
792.1472 88.40123
791.7753 89.23259
791.4098 90.02391
791.0114 90.84823
790.5753 91.70676
790.1225 92.54848
789.6659 93.35358
789.222 94.10466
788.7578 94.86147
788.2621 95.649
787.7584 96.43789
787.2689 97.2028
786.8085 97.92575
786.3737 98.60827
785.9414 99.28574
785.4789 100.016
784.9885 100.7884
784.4958 101.5705
784.0278 102.326
783.5532 103.0989
783.0605 103.9024
782.5732 104.703
782.1055 105.4784
781.6672 106.211
781.2534 106.9093
780.843 107.609
780.4449 108.2977
780.066 108.9644
779.6829 109.6517
779.2856 110.3754
778.8689 111.1458
778.4232 111.9767
777.9629 112.833
777.4981 113.6868
777.0432 114.5094
776.5886 115.312
776.1219 116.1048
775.6572 116.8656
775.2072 117.5784
774.7678 118.2535
774.2789 118.982
773.7581 119.748
773.2465 120.4956
772.7422 121.2294
772.2202 121.9872
771.6667 122.7887
771.0651 123.6638
770.4499 124.5664
769.8463 125.4602
769.2788 126.3105
768.7009 127.1911
768.1295 128.0707
767.5975 128.8944
767.1124 129.6482
766.6343 130.3934
766.1271 131.1865
765.5773 132.0493
765.0013 132.9581
764.4244 133.873
763.84 134.8022
763.2377 135.7535
762.6178 136.7271
761.9919 137.709
761.3477 138.711
760.7073 139.7006
760.1355 140.5757
759.6123 141.3551
759.1052 142.0941
758.5755 142.8563
758.0262 143.6417
757.4664 144.4451
756.8723 145.3064
756.2554 146.2109
755.6395 147.1232
755.0848 147.9522
754.5165 148.8215
753.955 149.6958
753.4076 150.5586
752.8743 151.4053
752.3658 152.2206
751.894 152.9858
751.4314 153.7418
750.9568 154.5195
750.4835 155.2962
750.0254 156.0471
749.5726 156.7883
749.1174 157.5348
748.6627 158.2784
748.222 158.9945
747.769 159.728
747.2759 160.5278
746.7564 161.3777
746.2509 162.2144
745.7789 163.0033
745.3419 163.7358
744.9003 164.4667
744.4365 165.2233
743.9568 166.0023
743.4534 166.8268
742.9404 167.6733
742.4238 168.5303
741.9055 169.3926
741.3871 170.2549