754.75 161.6
754.2758 162.345
753.7013 163.2468
753.0894 164.2163
752.4801 165.1882
751.8451 166.2019
751.2162 167.2029
750.6172 168.1546
750.0173 169.1082
749.3947 170.1001
748.7579 171.1167
748.1378 172.107
747.5228 173.0885
746.9104 174.0634
746.3207 174.9966
745.7589 175.884
745.2397 176.7063
744.738 177.4973
744.2083 178.3303
743.6533 179.2049
743.1039 180.0712
742.5873 180.8887
742.1127 181.6438
741.6758 182.347
741.2708 183.0076
740.8621 183.679
740.4182 184.4057
739.9644 185.1429
739.5102 185.8759
739.0608 186.6028
738.6195 187.3227
738.1969 188.019
737.7676 188.7276
737.3124 189.4733
736.7921 190.3156
736.2442 191.1991
735.7185 192.0463
735.2117 192.8632
734.7278 193.6407
734.2725 194.3684
733.7946 195.1171
733.2703 195.919
732.7212 196.746
732.171 197.5657
731.6306 198.3613
731.0821 199.1608
730.5182 199.9757
729.9464 200.7971
729.375 201.6181
728.7929 202.4582
728.1942 203.3261
727.6005 204.1869
727.0196 205.0253
726.4505 205.8377
725.8855 206.6413
725.3478 207.4102
724.8389 208.1423
724.35 208.842
723.8641 209.5383
723.3727 210.2518
722.8684 210.993
722.3412 211.7722
721.7979 212.5742
721.2937 213.3168
720.8115 214.0247
720.2971 214.7781
719.7415 215.5909
719.1724 216.4198
718.5801 217.2861
717.9686 218.1857
717.3617 219.0719
716.7586 219.9493
716.1558 220.83
715.5837 221.6714
715.0474 222.463
714.5383 223.2069
714.0082 223.9622
713.4401 224.7493
712.8581 225.5366
712.2786 226.3097
711.7267 227.0425
711.2021 227.7384
710.6408 228.4836
710.0547 229.2588
709.4968 229.9951
708.9807 230.6764
708.4623 231.3595
707.9149 232.0787
707.3555 232.8116
706.7632 233.5882
706.1451 234.4007
705.5361 235.2036
704.9277 236.016
704.307 236.8643
703.7117 237.6957
703.1554 238.4896
702.6378 239.2448
702.1271 240.0089
701.5878 240.8391
701.0229 241.7262
700.4514 242.6327
699.9301 243.4642
699.444 244.2449
698.968 245.01
698.4866 245.7777
698.0117 246.5344
697.5597 247.2592
697.1154 247.9715
696.6178 248.7556
696.0709 249.585
695.5076 250.3908
694.9263 251.1633
694.3191 251.9111
693.665 252.6628
692.9237 253.4697
692.1523 254.2836
691.4302 255.032
690.7755 255.7025
690.1299 256.3575
689.461 257.0306
688.7863 257.7027
688.0826 258.3994
687.3245 259.1494
686.5358 259.9296
685.766 260.6882
684.9917 261.4423
684.2021 262.1956
683.4211 262.9166
682.6624 263.5858
681.9446 264.1894
681.2109 264.7733
680.4459 265.3569
679.6837 265.9228
678.9064 266.4905
678.0555 267.0965
677.1532 267.7253
676.2735 268.3307
675.4465 268.8963
674.6756 269.4235
673.9205 269.9447
673.1566 270.4758
672.4135 270.9931
671.6535 271.5175
670.8601 272.0578
670.0659 272.5925
669.2947 273.0976
668.5624 273.5591
667.8203 273.9967
666.9992 274.4486
666.1083 274.9168
665.2058 275.3754
664.2783 275.83
663.3224 276.2852
662.3805 276.731
661.4282 277.1811
660.4224 277.6494
659.3821 278.1233
658.367 278.5782
657.3575 279.0133
656.3051 279.4375
655.2322 279.8408
654.2083 280.2043
653.2097 280.5402
652.2224 280.858
651.2777 281.1526
650.3221 281.4445
649.3315 281.7433
648.3405 282.0383
647.3173 282.3414
646.2382 282.6578
645.1431 282.9757
644.1014 283.2782
643.0763 283.5757
642.0227 283.8829
640.8896 284.2177
639.7108 284.5617
638.587 284.8821
637.4934 285.1828
636.3959 285.4756
635.3154 285.76
634.2571 286.0345
633.2263 286.2991
632.2602 286.546
631.3621 286.7771
630.5325 286.9935
629.762 287.194
629.037 287.3794
628.3408 287.5557
627.6653 287.7265
626.9939 287.8982
626.2222 288.0995
625.3737 288.3196
624.4881 288.5486
623.5364 288.7928
622.5504 289.0443
621.596 289.2874
620.6947 289.5173
619.8568 289.7317
619.0662 289.9339
618.2817 290.1338
617.4432 290.3462
616.525 290.5773
615.5251 290.8272
614.4924 291.0855
613.4485 291.3471
612.3573 291.6207
611.2639 291.8956
610.2004 292.1641
609.1775 292.4226
608.2075 292.6669
607.308 292.8922
606.4553 293.1044
605.5874 293.32
604.7308 293.5336
603.9118 293.7391
603.127 293.9376
602.3783 294.128
601.5869 294.3294
600.7277 294.5482
599.8604 294.7695
599.0203 294.9837
598.2184 295.1862
597.3956 295.3923
596.4829 295.62
595.4556 295.8761
594.3699 296.148
593.3109 296.4174
592.2909 296.681
591.2317 296.9581
590.1302 297.2485
589.0389 297.5382
587.9673 297.8235
586.9623 298.0907
586.0251 298.3392
585.1428 298.5733
584.3115 298.7914
583.5303 298.9923
582.7496 299.1919
581.9374 299.4017
581.1288 299.6132
580.3243 299.8267
579.435 300.0653
578.4565 300.3246
577.4735 300.5831
576.473 300.8438
575.4118 301.1161
574.3312 301.391
573.2697 301.6598
572.2048 301.9265
571.1508 302.1865
570.113 302.4395
569.0967 302.6847
568.1398 302.9135
567.215 303.137
566.2555 303.373
565.2393 303.6218
564.2156 303.8718
563.211 304.1172
562.2325 304.3537
561.301 304.5762
560.433 304.7819
559.5996 304.9814
558.8058 305.1759
557.9877 305.3744
557.0964 305.5881
556.1635 305.8118
555.2158 306.0404
554.2322 306.2782
553.2006 306.5239
552.1197 306.7794
551.0317 307.0366
549.9792 307.2873
549.003 307.5227
548.0946 307.7433
547.2346 307.9487
546.3387 308.1623
545.3931 308.39
544.444 308.617
543.5282 308.8341
542.6691 309.0361
541.8657 309.226
541.112 309.407
540.3463 309.5919
539.5294 309.7878
538.6898 309.9858
537.8274 310.1884
536.9828 310.3885
536.1022 310.5964
535.18 310.8121
534.2294 311.0361
533.2703 311.264
532.327 311.4888
531.4333 311.7016
530.5723 311.9066
529.6439 312.1283
528.6793 312.3606
527.7592 312.5797
526.9067 312.7772
526.0841 312.9633
525.184 313.1648
524.2307 313.372
523.2891 313.5712
522.36 313.7643
521.4604 313.9512
520.611 314.1294
519.78 314.3029
518.9384 314.4739
518.1011 314.6433
517.2937 314.8093
516.496 314.9742
515.7205 315.133
514.9268 315.2964
514.0936 315.469
513.257 315.6387
512.4332 315.8051
511.6417 315.9666
510.8528 316.1294
510.0406 316.2971
509.1761 316.4752
508.2438 316.6663
507.2855 316.8604
506.2884 317.0624
505.2765 317.2715
504.3518 317.4646
503.447 317.6553
502.5403 317.8529
501.6531 318.0531
500.771 318.2586
499.8782 318.4701
498.8775 318.7089
497.7933 318.9695
496.7032 319.2343
495.6406 319.4939
494.5328 319.7638
493.4236 320.0358
492.3805 320.2922
491.4304 320.5251
490.5409 320.7432
489.5974 320.9764
488.6119 321.2188
487.6194 321.4621
486.6249 321.7061
485.6669 321.9417
484.7168 322.1794
483.7429 322.4258
482.7958 322.6649
481.8787 322.8952
480.9736 323.1215
480.0642 323.3494
479.1096 323.5889
478.1283 323.834
477.2273 324.0589
476.3826 324.2707
475.5134 324.4875
474.5976 324.7141
473.677 324.9423
472.7206 325.1843
471.7227 325.4424
470.727 325.7013
469.7015 325.9655
468.6438 326.2353
467.5841 326.5047
466.6218 326.7499
465.7249 326.9814
464.8655 327.2055
463.9371 327.4482
462.959 327.7023
461.9967 327.9514
460.9793 328.2154
459.941 328.485
458.9093 328.7548
457.832 329.0402
456.7302 329.3345
455.665 329.6179
454.638 329.8892
453.6409 330.1516
452.6876 330.4022
451.7594 330.6465
450.8629 330.8839
450.017 331.1099
449.1882 331.3374
448.3435 331.5764
447.5147 331.816
446.6733 332.0652
445.8114 332.3265
444.9492 332.5927
444.0114 332.8872
443.0433 333.1977
442.1171 333.5005
441.26 333.7852
440.4239 334.067
439.5333 334.3674
438.6007 334.6828
437.6889 334.9932
436.8281 335.2845
435.9181 335.5852
434.9728 335.8962
434.0404 336.2027
433.121 336.503
432.2382 336.7855
431.4085 337.043
430.602 337.2837
429.8256 337.5072
429.0714 337.7155
428.234 337.9351
427.3336 338.1647
426.4158 338.3959
425.499 338.6257
424.5853 338.8542
423.6375 339.0901
422.6713 339.3272
421.7048 339.5633
420.7437 339.8002
419.8108 340.0321
418.9329 340.2516
418.0989 340.459
417.3107 340.6529
416.5603 340.8329
415.8421 340.9999
415.0881 341.1712
414.2652 341.3546
413.4087 341.5396
412.4878 341.7354
411.5091 341.9429
410.5271 342.1486
409.558 342.3423
408.6381 342.5145
407.7587 342.6607
406.864 342.7729
405.0143 342.8391
402.721 342.8584
400.4517 342.8271
398.4347 342.7379
396.7341 342.5955
395.3369 342.4151
394.166 342.1981
393.0696 341.9154
392.0397 341.5961
391.1112 341.2723
390.2476 340.9348
389.3484 340.4951
388.4448 339.9606
387.5718 339.3585
386.8047 338.7758
386.1184 338.2011
385.4833 337.6247
384.8935 337.0596
384.3257 336.4919
383.7127 335.8506
383.0985 335.1609
382.5465 334.4873
382.064 333.8427
381.6398 333.2136
381.2484 332.5636
380.8705 331.8742
380.5101 331.1726
380.1707 330.4818
379.8371 329.7784
379.5135 329.0792
379.1857 328.3517
378.8314 327.5474
378.4669 326.7043
378.1147 325.8768
377.7807 325.0874
377.4655 324.3442
377.1498 323.5978
376.8138 322.7996
376.4614 321.9563
376.1153 321.1213
375.7681 320.2841
375.4184 319.4572
375.0214 318.5839
374.5771 317.6849
374.1124 316.8218
373.6247 315.9979
373.1093 315.2026
372.5845 314.4443
372.0728 313.7365
371.5441 313.0346
370.9471 312.2655
370.2993 311.4492
369.6418 310.6518
368.9644 309.8692
368.222 309.0678
367.4262 308.2599
366.6302 307.4816
365.8411 306.734
365.0002 305.9644
364.1453 305.1984
363.3422 304.4886
362.5807 303.8237
361.8665 303.2017
361.2059 302.6239
360.5713 302.0645
359.9651 301.5268
359.3544 300.9824
358.725 300.4198
358.1031 299.8627
357.4683 299.2986
356.818 298.7241
356.1805 298.1615
355.5381 297.5923
354.8698 296.9976
354.1792 296.3825
353.4726 295.7571
352.7539 295.1248
352.0166 294.4799
351.2885 293.8474
350.5567 293.2206
349.8169 292.5997
349.0617 291.976
348.2794 291.3369
347.4983 290.7032
346.7267 290.0787
345.995 289.4857
345.2639 288.8949
344.5161 288.2938
343.7801 287.7039
343.0521 287.1226
342.3224 286.5431
341.6102 285.9785
340.9351 285.4426
340.2329 284.8857
339.4807 284.2911
338.7101 283.6844
337.8954 283.0425
337.0441 282.3696
336.1999 281.7011
335.3462 281.0373
334.4827 280.3877
333.6446 279.7819
332.8205 279.2089
331.9647 278.6395
331.0674 278.0653
330.1906 277.5179
329.3429 276.9969
328.4521 276.455
327.5608 275.9204
326.7439 275.4352
326.0059 274.9991
325.3 274.5856
324.586 274.173
323.8765 273.7704
323.1873 273.3871
322.4497 272.9905
321.6124 272.5639
320.6957 272.1202
319.7663 271.686
318.8535 271.2739
317.9911 270.8969
317.1432 270.5334
316.2956 270.178
315.476 269.8428
314.6613 269.5109
313.8267 269.1729
313.0071 268.8458
312.2009 268.5388
311.4236 268.2612
310.6619 268.0139
309.9019 267.8021
309.1285 267.6254
308.3623 267.4821
307.5759 267.3648
306.7124 267.2632
305.8748 267.1796
305.0097 267.1094
304.0703 267.0475
303.0431 266.9904
301.9366 266.9357
300.7678 266.8823
299.5944 266.8311
298.4916 266.7842
297.4627 266.7416
296.5188 266.7037
295.6427 266.6737
294.7863 266.6539
293.8785 266.6449
292.8874 266.6451
291.8528 266.6519
290.8092 266.6628
289.7741 266.6763
288.7532 266.6912
287.7055 266.7076
286.608 266.7256
285.4599 266.7492
284.3111 266.7889
283.2154 266.8479
282.1942 266.9297
281.1869 267.0442
280.1598 267.1955
279.1432 267.3786
278.1727 267.5837
277.2739 267.7986
276.3975 268.0369
275.4867 268.3148
274.5521 268.6239
273.6437 268.9407
272.6831 269.2921
271.6918 269.6635
270.7424 270.0222
269.8296 270.3701
268.938 270.7181
268.0492 271.08
267.1508 271.4626
266.2502 271.8613
265.3545 272.2712
264.4832 272.678
263.6251 273.0821
262.767 273.4904
261.8877 273.9125
260.9965 274.342
260.1036 274.7726
259.2408 275.1913
258.4328 275.5877
257.671 275.9635
256.8568 276.3651
255.9545 276.8225
255.045 277.2963
254.1536 277.7692
253.3073 278.2232
252.4896 278.6681
251.6863 279.118
250.8897 279.5879
250.0919 280.089
249.2372 280.6645
248.3856 281.2786
247.6122 281.8638
246.9216 282.405
246.2421 282.9555
245.5104 283.5838
244.7469 284.2803
244.0047 284.9928
243.2975 285.7091
242.5709 286.4922
241.8418 287.3108
241.1343 288.1315
240.4178 288.9913
239.7004 289.8795
239.0191 290.7514
238.366 291.6258
237.7191 292.5475
237.0866 293.5047
236.4452 294.535
235.8385 295.5599
235.3027 296.4982
234.8358 297.3374
234.4014 298.1375
233.9787 298.9344
233.5517 299.7636
233.1062 300.6754
232.6619 301.6406
232.2512 302.5918
231.8654 303.5438
231.4849 304.5349
231.1125 305.5416
230.7533 306.5519
230.3864 307.6228
230.0204 308.7206
229.6807 309.7772
229.3745 310.7824
229.1073 311.7145
228.8754 312.5868
228.6749 313.4017
228.5001 314.1756
228.3389 314.9523
228.173 315.7945
228.0027 316.6907
227.8351 317.6018
227.6707 318.5195
227.5039 319.4687
227.3449 320.4248
227.1956 321.3839
227.0576 322.3339
226.9336 323.2398
226.8213 324.1348
226.7155 325.0663
226.6155 326.0149
226.5235 327.0174
226.4428 328.0883
226.3739 329.2235
226.3152 330.4107
226.2653 331.5956
226.2226 332.746
226.1926 333.8659
226.2023 334.9615
226.2625 336.025
226.3626 337.0418
226.4843 337.986
226.6265 338.8944
226.7979 339.8298
226.9929 340.7877
227.2094 341.7566
227.4566 342.7625
227.7267 343.7803
228.0025 344.7503
228.2734 345.6435
228.5443 346.4892
228.8086 347.2858
229.0681 348.0428
229.337 348.8002
229.6223 349.5869
229.9368 350.4427
230.2713 351.3447
230.5855 352.188
230.887 352.9931
231.1879 353.7852
231.4838 354.5499
231.7805 355.3002
232.0829 356.0477
232.396 356.8012
232.7103 357.5382
233.0485 358.3104
233.4149 359.1276
233.7911 359.946
234.1906 360.7967
234.6182 361.6929
235.0614 362.6102
235.4721 363.4534
235.8619 364.248
236.267 365.0745
236.7013 365.9666
237.1489 366.8898
237.592 367.8058
238.022 368.6957
238.4396 369.5688
238.8784 370.5073
239.3247 371.4723
239.7485 372.3914
240.1383 373.2374
240.5008 374.0269
240.8839 374.8665
241.2838 375.7371
241.6772 376.5895
242.048 377.3943
242.4292 378.1968
242.8416 379.0184
243.2753 379.826
243.7298 380.6068
244.261 381.4313
244.8496 382.2754
245.4394 383.0787
245.9996 383.8172
246.5443 384.5217
247.089 385.2215
247.6159 385.9031
248.1127 386.5549
248.5882 387.1939
249.1041 387.9121
249.6512 388.6964
250.2086 389.511
250.7739 390.3522
251.333 391.2019
251.8861 392.0833
252.4041 392.9833
252.8656 393.9266
253.2616 394.9294
253.5893 395.9926
253.8528 397.076
254.0583 398.1099
254.2196 399.0936
254.3539 400.082
254.4609 401.0477
254.5326 402.2869
254.5686 403.6664
254.5765 405.0078
254.5626 406.2437
254.5303 407.3671
254.4787 408.4588
254.4074 409.5545
254.316 410.6248
254.2069 411.6541
254.0836 412.6417
253.9337 413.6564
253.7526 414.7048
253.5425 415.7361
253.2663 416.7519
252.9071 417.7419
252.4844 418.6631
251.9748 419.5432
251.3799 420.3989
250.7309 421.2234
250.1135 421.9537
249.515 422.6188
248.8721 423.2806
248.1587 423.9607
247.4023 424.6313
246.6306 425.2706
245.8571 425.8688
245.0876 426.4279
244.348 426.9404
243.59 427.4415
242.7923 427.9496
241.9879 428.4506
241.1632 428.9565
240.3071 429.4736
239.4344 429.9916
238.6326 430.4603
237.8737 430.893
237.1167 431.3084
236.3765 431.6997
235.6151 432.0905
234.8154 432.4927
234.0114 432.8888
233.2337 433.2652
232.4967 433.617
231.7855 433.9541
231.1012 434.278
230.4329 434.595
229.7817 434.9049
229.0868 435.2328
228.3278 435.5854
227.5099 435.9596
226.5565 436.3923
225.5067 436.8654
224.4011 437.3599
223.3038 437.846
222.2809 438.2946
221.3198 438.714
220.3884 439.1182
219.5093 439.4973
218.6951 439.8491
217.943 440.1768
217.2393 440.4868
216.5724 440.7839
215.8954 441.0955
215.159 441.4439
214.3586 441.8262
213.552 442.2113
212.7692 442.5833
212.0187 442.9382
211.2782 443.2874
210.525 443.6454
209.7174 444.0394
208.8399 444.4753
207.8962 444.9536
206.8982 445.4731
205.8925 446.0038
204.9301 446.5137
204.0441 446.983
203.2256 447.412
202.4396 447.8154
201.6287 448.2186
200.7621 448.6371
199.8667 449.0617
198.9827 449.4743
198.1454 449.8593
197.3279 450.2303
196.4378 450.6315
195.5039 451.0558
194.6079 451.4677
193.7798 451.8526
192.9742 452.2333
192.1481 452.6291
191.2323 453.0706
190.2563 453.5414
189.2084 454.0505
188.1208 454.5808
187.0231 455.118
185.9725 455.6339
184.9793 456.1244
183.9993 456.6116
183.0322 457.0897
182.1175 457.5402
181.2095 457.9845
180.3389 458.4067
179.524 458.7993
178.6707 459.208
177.8015 459.618
176.9497 460.019
176.0646 460.4338
175.1126 460.879
174.1095 461.3485
173.0978 461.8223
172.1368 462.2734
171.2556 462.6886
170.4319 463.0771
169.6634 463.4388
168.8928 463.8003
168.0858 464.1772
167.2696 464.5568
166.44 464.9384
165.6017 465.3221
164.7552 465.7097
163.9006 466.0993
163.0313 466.4974
162.1173 466.9193
161.2177 467.3364
160.3182 467.7501
159.4367 468.1541
158.5674 468.552
157.7015 468.9445
156.8581 469.3258
156.0607 469.6883
155.2679 470.0497
154.4436 470.4248
153.6115 470.8023
152.7762 471.1824
151.9711 471.5515
151.1651 471.9223
150.3173 472.3099
149.4441 472.7084
148.5963 473.097
147.7523 473.4835
146.8919 473.8764
146.0448 474.2636
145.2124 474.6452
144.4181 475.0105
143.6084 475.3879
142.7711 475.7834
141.9157 476.1931
141.02 476.6325
140.0812 477.1008
139.1166 477.5888
138.1368 478.0899
137.1715 478.587
136.2529 479.0604
135.3714 479.5129
134.5126 479.9513
133.6576 480.387
132.7396 480.8544
131.7815 481.3377
130.8522 481.8005
129.9882 482.2301
129.0962 482.6791
128.1817 483.1419
127.2883 483.5926
126.3427 484.0651
125.3714 484.5484
124.4329 485.0163
123.5272 485.4708
122.6412 485.9169
121.7125 486.3865
120.7379 486.882
119.7538 487.3846
118.8193 487.8637
117.9619 488.3047
117.1677 488.7101
116.429 489.0813
115.6872 489.4542
114.913 489.8441
114.1083 490.2492
113.2832 490.6682
112.4701 491.0833
111.6842 491.4797
110.8981 491.8686
110.0273 492.2905
109.1109 492.7333
108.1742 493.1888
107.2108 493.6594
106.2515 494.1247
105.2586 494.591
104.2494 495.0467
103.2797 495.4714
102.3765 495.8559
101.5469 496.2
100.753 496.5199
99.88638 496.8571
98.96204 497.202
98.00371 497.5332
97.01369 497.8351
95.99145 498.0769
94.95912 498.2538
93.93188 498.375
92.87524 498.4532
91.80997 498.5013
90.75446 498.5291
89.71638 498.5438
88.73662 498.5507
87.77464 498.5499
86.81512 498.5409
85.81274 498.5226
84.78694 498.4973
83.79189 498.4651
82.82552 498.4191
81.84286 498.3368
80.81693 498.203
79.85918 498.0493
78.95563 497.8792
78.10047 497.6982
77.29747 497.5134
76.48 497.3089
75.60619 497.0594
74.62815 496.7228
73.636 496.3008
72.71011 495.8118
71.86227 495.266
71.10646 494.7012
70.42958 494.1302
69.74545 493.4824
69.05171 492.7771
68.3739 492.0487
67.71953 491.3063
67.08459 490.5461
66.44991 489.7365
65.80605 488.8613
65.17473 487.9653
64.55797 487.063
63.9677 486.1778
63.39137 485.2845
62.83566 484.3895
62.31575 483.5178
61.83998 482.6793
61.39758 481.8629
60.97141 481.0494
60.56699 480.2572
60.19026 479.5034
59.80024 478.7013
59.38582 477.8309
58.96304 476.9373
58.52486 476.0027
58.06973 475.0191
57.60004 473.9891
57.13007 472.9383
56.66374 471.8742
56.2148 470.8386
55.76974 469.8006
55.30831 468.72
54.8415 467.6261
54.39916 466.5794
53.97816 465.5561
53.57006 464.5245
53.18393 463.5065
52.82419 462.5189
52.48994 461.5654
52.17182 460.626
51.86405 459.6926
51.57083 458.7945
51.29569 457.9534
51.0145 457.0852
50.72145 456.1661
50.4257 455.238
50.13071 454.3158
49.84856 453.4366
49.57917 452.5952
49.32595 451.7997
49.08651 451.0469
48.81921 450.2233
48.5162 449.303
48.19169 448.3232
47.87189 447.356
47.55141 446.3895
47.20648 445.3616
46.84297 444.2883
46.48638 443.2301
46.12724 442.1591
45.7657 441.0832
45.41592 440.05
45.07948 439.0549
44.75667 438.0862
44.45319 437.1606
44.17382 436.2971
43.90388 435.4522
43.61274 434.5285
43.31515 433.5608
43.03336 432.6301
42.77343 431.7669
42.51456 430.9064
42.24501 430.0143
41.97072 429.1212
41.68822 428.2338
41.36568 427.2768
41.00716 426.2556
40.63209 425.2163
40.25322 424.1918
39.87936 423.1935
39.52858 422.2581
39.18433 421.3398
38.83713 420.4099
38.50096 419.4946
38.18377 418.5918
37.88805 417.6897
37.61873 416.7698
37.37368 415.7591
37.15828 414.6796
36.97689 413.6035
36.8237 412.4939
36.69676 411.3549
36.59948 410.197
36.53173 408.3382
36.49001 406.1137
36.46889 403.8642
36.46286 401.7637
36.46725 399.8598
36.47784 398.1765
36.49178 396.6951
36.50811 395.3354
36.5263 394.0343
36.54589 392.7549
36.56579 391.52
36.58533 390.343
36.60925 389.2146
36.64902 388.1627
36.70709 387.1831
36.77845 386.2812
36.87216 385.3915
36.99247 384.4709
37.12967 383.5446
37.28784 382.568
37.46305 381.5428
37.64185 380.5216
37.83014 379.4641
38.0258 378.3757
38.21675 377.3082
38.39736 376.2834
38.56869 375.2926
38.73935 374.2886
38.91367 373.2443
39.08674 372.1887
39.25205 371.1812
39.40678 370.2512
39.55759 369.3506
39.713 368.4349
39.87539 367.525
40.06165 366.5815
40.28035 365.593
40.52507 364.5877
40.76275 363.6713
41.00095 362.8181
41.25222 361.9755
41.53019 361.0869
41.84472 360.1105
42.1957 359.0384
42.56626 357.9217
42.92566 356.8524
43.27517 355.8347
43.62563 354.842
43.97054 353.893
44.31257 352.9667
44.65111 352.0672
45.01722 351.1254
45.40467 350.1525
45.78574 349.205
46.14432 348.3145
46.50346 347.425
46.85284 346.5656
47.18919 345.7446
47.51205 344.958
47.83272 344.196
48.15104 343.4684
48.51398 342.7455
48.98574 341.9938
49.56076 341.2452
50.2782 340.4814
51.10061 339.7334
52.03377 338.9855
53.04469 338.2432
54.06186 337.5389
55.11938 336.8454
56.15614 336.2046
57.13834 335.6574
58.08437 335.2014
58.97542 334.8293
59.80959 334.5301
60.59075 334.2895
61.38999 334.085
62.23557 333.9004
63.08209 333.7329
63.91882 333.5767
64.83353 333.4117
65.86119 333.2338
66.98093 333.048
68.0957 332.8677
69.14238 332.7037
70.20385 332.5452
71.30408 332.3896
72.36978 332.2455
73.36421 332.119
74.31259 332.0075
75.2409 331.9054
76.16746 331.8078
77.09038 331.7137
78.01707 331.6221
78.95192 331.5319
79.86555 331.4447
80.74161 331.3599
81.58173 331.2774
82.37983 331.1987
83.1694 331.1209
83.94093 331.0451
84.75916 330.9648
85.64076 330.879
86.53998 330.7953
87.42378 330.7152
88.26604 330.6393
89.13206 330.5578
90.05657 330.4665
91.04617 330.3695
92.08942 330.2682
93.17471 330.162
94.22452 330.0577
95.20375 329.9578
96.10146 329.8635
96.9511 329.7715
97.78097 329.6797
98.61003 329.5858
99.4465 329.4875
100.3337 329.3768
101.2211 329.2602
102.0912 329.1411
102.9421 329.0218
103.7719 328.9079
104.5679 328.8037
105.3425 328.7061
106.107 328.6065
106.9265 328.4963
107.873 328.368
108.9076 328.2286
109.9461 328.0912
111.0182 327.9515
112.1108 327.8099
113.1692 327.6731
114.2246 327.5347
115.297 327.3912
116.3529 327.2492
117.3773 327.11
118.3765 326.9717
119.3651 326.8333
120.4082 326.6881
121.5097 326.537
122.6239 326.3864
123.6361 326.2511
124.5734 326.1276
125.4789 326.0087
126.381 325.8887
127.2705 325.7682
128.1618 325.6449
129.0362 325.5197
129.8703 325.3956
130.7175 325.2584
131.5765 325.1094
132.5047 324.9397
133.5151 324.7493
134.5649 324.5502
135.6093 324.352
136.6582 324.15
137.6917 323.9503
138.6747 323.7603
139.5849 323.5843
140.4562 323.4164
141.3231 323.2502
142.2035 323.0802
143.1245 322.9
144.1525 322.6972
145.2226 322.4883
146.2273 322.2946
147.1401 322.1205
148.05 321.9507
148.9899 321.7821
149.9638 321.6204
150.9521 321.47
151.9498 321.3294
152.9995 321.1934
154.0704 321.0651
155.105 320.9449
156.0653 320.8322
156.9986 320.7197
157.945 320.6032
158.8815 320.4876
159.8636 320.356
160.927 320.1901
162.0324 319.9938
163.1063 319.7846
164.18 319.5516
165.2564 319.2961
166.295 319.0378
167.3092 318.7792
168.2893 318.5214
169.206 318.2717
170.0453 318.0183
170.8102 317.7538
171.5728 317.4364
172.3583 317.0475
173.1238 316.6187
173.8509 316.1652
174.5329 315.6902
175.1804 315.1728
175.7783 314.6306
176.3257 314.0472
176.8125 313.4402
177.245 312.8078
177.6302 312.1478
177.9891 311.4241
178.3359 310.6222
178.6642 309.785
178.9763 308.9168
179.2727 308.0244
179.5477 307.137
179.796 306.2879
180.0388 305.4011
180.2818 304.4636
180.5164 303.5223
180.7511 302.5484
180.9858 301.5394
181.2049 300.5403
181.4042 299.5158
181.5764 298.4585
181.7074 297.4125
181.7962 296.3868
181.8494 295.3789
181.8765 294.4245
181.8861 293.5396
181.8845 292.7208
181.876 291.9561
181.8622 291.1907
181.8442 290.3922
181.8242 289.5919
181.8024 288.7677
181.7789 287.9101
181.7517 287.045
181.7177 286.166
181.676 285.2677
181.6286 284.3649
181.5777 283.4678
181.514 282.5346
181.4223 281.5428
181.2975 280.5246
181.1615 279.5935
181.0065 278.7281
180.809 277.8545
180.5639 276.9449
180.2919 276.0334
180.0021 275.1215
179.7141 274.247
179.4204 273.3818
179.1102 272.4945
178.7915 271.6106
178.4604 270.7242
178.1012 269.7967
177.7053 268.8034
177.3081 267.8235
176.9228 266.8862
176.5499 265.9952
176.1667 265.0945
175.7664 264.1636
175.3495 263.2006
174.939 262.2527
174.5544 261.3619
174.1703 260.4589
173.7811 259.5292
173.4 258.6141
173.0366 257.7376
172.6985 256.9176
172.3849 256.1492
172.0936 255.4264
171.7968 254.6933
171.47 253.8952
171.1036 253.0076
170.7166 252.0699
170.3403 251.1537
169.9804 250.2728
169.6437 249.4461
169.325 248.6581
168.9855 247.8092
168.6342 246.932
168.2793 246.0405
167.904 245.0868
167.5023 244.0523
167.0914 242.9819
166.6831 241.912
166.2846 240.8683
165.905 239.8711
165.5561 238.9479
165.2166 238.0445
164.8713 237.1292
164.5258 236.2295
164.1774 235.3259
163.8265 234.4134
163.4892 233.5342
163.1689 232.7002
162.868 231.9191
162.5746 231.1639
162.2895 230.4375
162.0067 229.7229
161.7295 229.0261
161.4526 228.3322
161.1724 227.631
160.8927 226.9315
160.6186 226.2462
160.3526 225.5731
160.097 224.9136
159.8443 224.2448
159.5972 223.5752
159.358 222.9083
159.0947 222.1333
158.8061 221.2514
158.503 220.2892
158.2089 219.3274
157.9375 218.418
157.6704 217.5138
157.3993 216.5953
157.136 215.7043
156.8848 214.8525
156.6493 214.0501
156.423 213.2773
156.1755 212.4315
155.9183 211.5441
155.6721 210.6798
155.4444 209.8648
155.2374 209.0881
155.0444 208.3067
154.8691 207.4936
154.7053 206.5816
154.5482 205.5571
154.3973 204.4338
154.2494 203.1968
154.1078 201.9124
153.9775 200.6699
153.8685 199.461
153.7876 198.2567
153.7343 197.0394
153.7039 195.8034
153.6909 194.5495
153.7002 193.3056
153.7371 192.085
153.7999 190.9097
153.8704 189.8731
153.9437 188.9327
154.0243 188.0276
154.1103 187.1654
154.2064 186.2984
154.3225 185.3995
154.4741 184.5066
154.7001 183.615
155.0546 182.6965
155.5327 181.7717
156.0829 180.8887
156.6876 180.045
157.3773 179.1831
158.1513 178.2934
158.9033 177.4711
159.6108 176.7241
160.2757 176.0332
160.9055 175.3818
161.4958 174.7707
162.0909 174.169
162.726 173.5598
163.3902 172.9749
164.0622 172.4398
164.724 171.9635
165.3885 171.5384
166.0481 171.1609
166.7397 170.8043
167.4908 170.4474
168.2876 170.0888
169.1433 169.7175
170.0291 169.3406
170.9282 168.9621
171.8704 168.5704
172.8951 168.1509
173.9632 167.7188
175.0366 167.2901
176.0847 166.879
177.1237 166.486
178.2119 166.0961
179.3285 165.7143
180.4105 165.3559
181.4749 165.0126
182.5483 164.6745
183.6893 164.3228
184.8212 163.9827
185.8422 163.6802
186.8495 163.3804
187.8358 163.0861
188.7919 162.8016
189.717 162.5284
190.6456 162.2522
191.6 161.9649
192.5488 161.6789
193.488 161.3974
194.4985 161.0971
195.5444 160.7876
196.5259 160.4998
197.4184 160.2419
198.2986 159.9878
199.202 159.725
200.0999 159.4635
200.9761 159.209
201.808 158.9681
202.6471 158.7268
203.5464 158.4659
204.5087 158.1857
205.4998 157.8983
206.4554 157.6234
207.4069 157.3487
208.3667 157.0753
209.2915 156.8191
210.1667 156.5836
210.9847 156.3686
211.7588 156.1705
212.5043 155.9881
213.2465 155.8169
213.9772 155.6572
214.7375 155.4943
215.5459 155.3209
216.3985 155.1369
217.287 154.9447
218.2168 154.7442
219.1664 154.541
220.158 154.3323
221.1673 154.1238
222.1783 153.9152
223.1917 153.7077
224.1596 153.5131
225.0793 153.3344
225.9398 153.174
226.7617 153.0272
227.564 152.8888
228.3729 152.7571
229.1679 152.6365
229.9888 152.5241
230.8655 152.4178
231.7646 152.3221
232.6836 152.2365
233.6987 152.1538
234.7641 152.075
235.801 152.0029
236.8839 151.9312
237.9841 151.861
239.0507 151.7953
240.0822 151.7336
241.0705 151.6754
241.9936 151.6212
242.8692 151.5731
243.7577 151.5392
244.6707 151.5206
245.5645 151.5141
246.4125 151.5159
247.25 151.5241
248.1036 151.5371
248.943 151.5526
249.7477 151.5691
250.5535 151.5867
251.3853 151.6056
252.2103 151.6247
253.0058 151.6434
253.8059 151.6623
254.6342 151.6819
255.5318 151.7046
256.519 151.7321
257.5923 151.7646
258.7363 151.8012
259.9327 151.841
261.1658 151.883
262.4232 151.9266
263.6556 151.9697
264.852 152.015
266.0413 152.066
267.2035 152.1214
268.3259 152.1795
269.4483 152.2414
270.5975 152.3075
271.7816 152.3776
272.9982 152.4509
274.2405 152.5265
275.4822 152.6024
276.7076 152.6778
277.9483 152.7541
279.167 152.8284
280.3149 152.8992
281.3991 152.9686
282.4381 153.0382
283.4079 153.1056
284.3421 153.1717
285.3266 153.2471
286.3459 153.3345
287.3339 153.4281
288.268 153.5244
289.1497 153.6206
290.0207 153.7206
290.8631 153.8212
291.6773 153.9224
292.4691 154.0262
293.2342 154.1279
293.9703 154.2241
294.6877 154.3171
295.3875 154.4083
296.0919 154.5022
296.8338 154.6046
297.6319 154.7173
298.5394 154.8463
299.5153 154.9848
300.4286 155.1138
301.291 155.2344
302.1681 155.36
303.133 155.5019
304.1651 155.6544
305.2198 155.8092
306.1789 155.9487
307.0661 156.0757
307.9559 156.2068
308.9449 156.3632
310.0119 156.542
311.0815 156.7296
312.1175 156.9163
313.1954 157.1132
314.2666 157.3136
315.2995 157.5135
316.3411 157.7196
317.3825 157.9249
318.4246 158.1302
319.483 158.3392
320.5258 158.5441
321.5467 158.7434
322.5079 158.9301
323.4372 159.1092
324.3774 159.2901
325.3105 159.4718
326.2484 159.6555
327.153 159.8313
328.029 160.0002
328.8872 160.1678
329.7266 160.3332
330.5312 160.4922
331.2987 160.6429
332.0314 160.7851
332.7439 160.9229
333.547 161.0791
334.4224 161.2496
335.3427 161.4255
336.3139 161.6076
337.2698 161.7855
338.1872 161.9554
339.0653 162.1145
339.9677 162.2733
340.9106 162.4372
341.8513 162.6031
342.8163 162.7741
343.8697 162.9591
344.9741 163.1528
346.0512 163.3446
347.1187 163.5367
348.1909 163.7316
349.2526 163.9277
350.2087 164.1054
351.0949 164.2687
351.9781 164.4314
352.9518 164.6144
353.9652 164.8071
354.9106 164.9895
355.7696 165.1585
356.6096 165.3344
357.5058 165.5387
358.5083 165.7861
359.5806 166.0656
360.6845 166.3663
361.7508 166.6672
362.7336 166.9528
363.7025 167.2388
364.6911 167.53
365.6706 167.8152
366.6463 168.0988
367.6146 168.3843
368.5936 168.6773
369.6092 168.9843
370.6708 169.3065
371.7514 169.6385
372.8885 170.0015
374.0227 170.3776
375.1196 170.7529
376.1699 171.1197
377.2004 171.4869
378.2206 171.856
379.1858 172.2075
380.1134 172.5511
381.0475 172.9016
382.0428 173.2744
383.0862 173.6621
384.1179 174.0434
385.1185 174.4129
386.1636 174.8005
387.2162 175.1935
388.2057 175.5641
389.1385 175.9116
390.0818 176.2616
391.1024 176.6403
392.165 177.0342
393.196 177.4149
394.1902 177.7837
395.185 178.156
396.1843 178.5354
397.1364 178.9023
398.0853 179.2686
399.0447 179.6368
399.9766 179.9966
400.9053 180.3578
401.8575 180.7274
402.7821 181.0831
403.7068 181.4363
404.638 181.7926
405.5366 182.1414
406.3907 182.4758
407.2269 182.8033
408.0651 183.1323
408.9211 183.4679
409.8049 183.8153
410.6684 184.1569
411.5513 184.5103
412.4517 184.8737
413.3232 185.2263
414.183 185.5773
415.0566 185.9378
415.9187 186.2965
416.7896 186.6604
417.7082 187.0453
418.7033 187.4635
419.741 187.9001
420.7784 188.3366
421.7997 188.7656
422.8641 189.2121
423.9496 189.668
425.0189 190.1185
425.9736 190.5212
426.8461 190.8885
427.7157 191.2546
428.6101 191.6311
429.4974 192.0021
430.415 192.384
431.3622 192.7803
432.3169 193.1844
433.1883 193.5565
434.0075 193.909
434.8638 194.2827
435.7613 194.6792
436.6498 195.0732
437.5358 195.4655
438.4546 195.87
439.453 196.3097
440.5341 196.7915
441.6683 197.2973
442.7829 197.7922
443.8484 198.2627
444.8956 198.7244
445.9437 199.1892
447.0493 199.6775
448.1461 200.1601
449.1674 200.6085
450.134 201.0326
451.1098 201.4651
452.0845 201.9003
453.044 202.3306
454.0176 202.7702
454.9908 203.2081
455.9647 203.644
456.9485 204.0842
457.9258 204.5234
458.8083 204.9207
459.6293 205.2885
460.4338 205.6471
461.3169 206.0399
462.2505 206.4533
463.1672 206.856
464.0645 207.2462
464.9587 207.631
465.876 208.0217
466.7913 208.4065
467.7368 208.801
468.748 209.216
469.7694 209.6275
470.7739 210.0258
471.7533 210.4107
472.733 210.7969
473.7066 211.1832
474.63 211.5512
475.4888 211.8925
476.3192 212.2193
477.1762 212.554
478.0803 212.9074
479.0428 213.2795
480.0304 213.6514
481.0012 214.0044
481.9535 214.3368
482.9048 214.6593
483.9463 215.0031
485.0466 215.3587
486.1282 215.7037
487.1591 216.0305
488.1091 216.3312
489.0331 216.6218
489.9681 216.9133
490.8896 217.1993
491.7899 217.4784
492.6823 217.7553
493.545 218.0219
494.3991 218.2835
495.2411 218.5364
496.0498 218.7738
496.9112 219.0196
497.8446 219.2789
498.8043 219.5361
499.8059 219.7915
500.848 220.0445
501.8829 220.2874
502.9399 220.5253
504.0192 220.7589
505.0742 220.983
506.075 221.1937
506.9994 221.3873
507.9081 221.5799
508.8365 221.7801
509.7575 221.979
510.6584 222.1707
511.5148 222.3489
512.3674 222.5228
513.2506 222.6984
514.1378 222.8659
515.0076 223.0195
515.8378 223.1566
516.6952 223.2874
517.6077 223.4173
518.5371 223.5432
519.4799 223.666
520.4319 223.7862
521.3605 223.9019
522.2378 224.0109
523.0895 224.1173
524.0201 224.2348
525.0034 224.3591
526.0104 224.4715
527.0214 224.562
528.0273 224.6294
529.066 224.6775
530.1583 224.7109
531.3057 224.7341
532.4996 224.7504
533.7287 224.7624
534.9827 224.7716
536.2532 224.7792
537.5555 224.782
538.8658 224.7767
540.1259 224.7624
541.3175 224.7396
542.4453 224.7101
543.5295 224.6723
544.6207 224.6238
545.7473 224.5646
546.9046 224.4965
548.0797 224.4202
549.2335 224.3378
550.3402 224.2492
551.3622 224.1578
552.3029 224.0628
553.1789 223.9606
554.0544 223.8341
554.9893 223.6694
555.9231 223.4854
556.8351 223.2912
557.722 223.0896
558.5945 222.882
559.4663 222.6682
560.3442 222.4474
561.2405 222.2205
562.1515 221.9881
563.0336 221.7602
563.8641 221.5439
564.6407 221.341
565.3768 221.1464
566.0847 220.951
566.8098 220.7432
567.6063 220.5059
568.4222 220.2549
569.2828 219.9824
570.184 219.6908
571.0763 219.3971
571.991 219.0971
572.9349 218.7881
573.8527 218.4856
574.7748 218.1844
575.7236 217.8812
576.6666 217.5865
577.6404 217.2915
578.6364 217.0018
579.5969 216.7334
580.4936 216.4917
581.3234 216.2734
582.1118 216.069
582.8627 215.8756
583.6176 215.6852
584.4041 215.494
585.1996 215.3102
586.0171 215.1338
586.8434 214.9629
587.6484 214.7991
588.5067 214.6344
589.4342 214.4763
590.3834 214.3448
591.6493 214.2569
593.0325 214.2156
594.3707 214.2203
595.5784 214.2628
596.642 214.3337
597.5787 214.4242
598.4563 214.5484
599.3591 214.7426
600.2906 215.0148
601.1977 215.3465
602.1141 215.7535
603.0392 216.2235
604.0198 216.7773
604.9832 217.3765
605.875 217.9954
606.6936 218.6345
607.4607 219.3187
608.1954 220.0603
608.8862 220.8243
609.5587 221.6317
610.2233 222.4836
610.8615 223.339
611.4808 224.1896
612.1345 225.0908
612.8008 225.993
613.463 226.852
614.1334 227.6678
614.7857 228.4144
615.4584 229.1043
616.1838 229.741
617.0315 230.35
617.9442 230.8961
618.8209 231.3357
619.6378 231.6732
620.415 231.9157
621.1588 232.0769
621.8748 232.1747
622.5689 232.2265
623.2688 232.2232
624.0704 232.1307
624.9382 231.9488
625.8337 231.6845
626.7572 231.341
627.6847 230.9403
628.5244 230.5485
629.3041 230.164
630.0365 229.7851
630.7246 229.4138
631.4125 229.0243
632.1793 228.5763
633.0221 228.0797
633.8842 227.5711
634.7188 227.0747
635.5272 226.5884
636.3211 226.11
637.1262 225.6301
637.9717 225.1324
638.84 224.6239
639.6398 224.1536
640.3925 223.7015
641.1617 223.2177
641.957 222.684
642.8157 222.0566
643.6646 221.3786
644.4391 220.706
645.125 220.0659
645.7776 219.4126
646.4314 218.7233
647.0745 218.0247
647.7193 217.3094
648.3647 216.5816
649.0198 215.8312
649.6869 215.0554
650.3374 214.2869
650.9926 213.4963
651.6587 212.6768
652.3121 211.8646
652.9766 211.0395
653.6567 210.1981
654.3218 209.3721
654.994 208.5315
655.6804 207.6656
656.3621 206.7965
656.9719 206.0098
657.5251 205.2789
658.0444 204.5755
658.5548 203.8706
659.0713 203.1466
659.6406 202.3389
660.2819 201.4184
660.9534 200.4441
661.6001 199.4964
662.2249 198.5584
662.8348 197.6133
663.4635 196.6074
664.0741 195.6093
664.6348 194.6638
665.1329 193.7475
665.5541 192.839
665.8923 191.8846
666.1504 190.8413
666.335 189.7974
666.4582 188.773
666.5345 187.7674
666.578 186.8156
666.5999 185.9329
666.6052 185.0781
666.5935 184.2201
666.5578 183.33
666.496 182.3976
666.4165 181.4655
666.3243 180.5422
666.2271 179.6592
666.1272 178.8172
666.0239 178.0075
665.9213 177.2316
665.8058 176.3797
665.6775 175.4583
665.5441 174.5341
665.4019 173.5848
665.2413 172.545
665.0677 171.4449
664.8927 170.3595
664.7192 169.2525
664.5598 168.1312
664.4343 167.0059
664.3461 165.8987
664.2964 164.795
664.2845 163.6414
664.3027 162.4601
664.343 161.3158
664.4095 160.1821
664.5035 159.064
664.6346 157.8987
664.7911 156.7574
664.9539 155.7222
665.1151 154.8006
665.2947 153.8991
665.5023 152.9799
665.733 152.0742
665.9801 151.2146
666.2366 150.4155
666.5055 149.6531
666.7791 148.9267
667.058 148.2216
667.3375 147.5393
667.6226 146.8741
667.9128 146.2279
668.2395 145.5563
668.619 144.8348
669.0303 144.0946
669.4532 143.3598
669.8689 142.6532
670.2961 141.9449
670.7729 141.1774
671.3187 140.3184
671.9268 139.3733
672.5574 138.3974
673.1597 137.4615
673.7281 136.5811
674.2788 135.7415
674.807 134.9486
675.3035 134.2122
675.8122 133.4696
676.3582 132.6858
676.9294 131.8768
677.4637 131.126
677.9756 130.4104
678.501 129.6745
679.0516 128.8989
679.6046 128.1174
680.1598 127.3332
680.7659 126.4827
681.3989 125.6002
682.0337 124.7187
682.6763 123.829
683.3149 122.947
683.8939 122.1491
684.4359 121.4054
684.9563 120.6933
685.4641 119.9979
685.9692 119.3061
686.4591 118.6356
686.936 117.9827
687.3943 117.354
687.842 116.7389
688.287 116.129
688.7544 115.483
689.2703 114.7564
689.825 113.9573
690.3718 113.1542
690.9268 112.3248
691.4939 111.4679
692.0496 110.6229
692.5748 109.8174
693.0593 109.0667
693.5424 108.3125
694.0483 107.5226
694.5643 106.7236
695.1018 105.9
695.6833 105.0146
696.2927 104.0892
696.8917 103.1816
697.4943 102.2675
698.1041 101.3403
698.7006 100.4358
699.274 99.57114
699.8741 98.67284
700.4808 97.76968
701.0754 96.88998
701.6761 96.00594
702.2753 95.12606
702.8478 94.28464
703.3772 93.50439
703.9089 92.72148
704.4548 91.92249
704.9934 91.14342
705.5544 90.34735
706.1746 89.48919
706.8322 88.59729
707.4777 87.73016
708.0923 86.90473
708.6593 86.13924
709.2157 85.38728
709.775 84.62963
710.3143 83.89525
710.8322 83.18361
711.3862 82.41051
711.962 81.5929
712.5106 80.80696
713.0176 80.07843
713.5198 79.35474
714.0551 78.57987
714.6149 77.76721
715.1636 76.97082
715.7097 76.17776
716.2581 75.37985
716.7853 74.61114
717.2925 73.86739
717.7708 73.16066
718.2605 72.43555
718.7785 71.66994
719.3025 70.89459
719.852 70.08067
720.4299 69.22437
721.0087 68.36537
721.6046 67.4841
722.2188 66.58146
722.8232 65.69553
723.4036 64.84634
723.9587 64.03786
724.5245 63.21398
725.1088 62.36341
725.7467 61.4389
726.3944 60.50227
727.027 59.58836
727.6499 58.6904
728.2496 57.83236
728.8542 56.97352
729.4716 56.09887
730.0781 55.23902
730.6564 54.42242
731.2184 53.63889
731.8057 52.84813
732.4227 52.06234
733.047 51.31245
733.6527 50.62204
734.2845 49.94106
734.9611 49.24467
735.6555 48.55542
736.3615 47.87121
737.0671 47.19629
737.7418 46.55512
738.4044 45.93197
739.0692 45.31456
739.7417 44.69385
740.4197 44.06287
741.085 43.45303
741.7241 42.88618
742.3887 42.36671
743.1744 41.87966
744.0803 41.43043
745.0399 41.03208
746.0046 40.68693
746.9525 40.39082
747.9176 40.12323
748.9118 39.87122
749.8954 39.63867
750.8598 39.42333
751.7727 39.22782
752.6555 39.04348
753.5345 38.86143
754.3942 38.69978
755.2563 38.56966
756.1365 38.47186
756.9985 38.4018
757.8611 38.35267
758.74 38.31818
759.6322 38.30274
760.5401 38.31204
761.4987 38.35601
762.5261 38.43723
763.6212 38.54876
764.7239 38.67419
765.8058 38.80307
766.8699 38.93694
767.9861 39.08785
769.1136 39.2496
770.2113 39.42065
771.2595 39.61045
772.2258 39.8196
773.1009 40.0443
773.9545 40.31373
774.8223 40.63906
775.678 41.00186
776.5033 41.3828
777.3118 41.78056
778.1156 42.1963
778.9439 42.64503
779.8069 43.13004
780.6686 43.62556
781.5721 44.14896
782.5136 44.69557
783.4412 45.24357
784.3361 45.79453
785.1953 46.35474
785.9934 46.90887
786.718 47.44346
787.4257 48.00555
788.1385 48.60749
788.8333 49.21815
789.502 49.82175
790.158 50.42622
790.8106 51.04
791.4488 51.65043
792.0559 52.23864
792.6383 52.81462
793.1985 53.39422
793.7769 54.04134
794.3696 54.76247
794.9371 55.50057
795.4836 56.25631
796.0294 57.05151
796.5658 57.86019
797.088 58.67339
797.606 59.52895
798.1081 60.42792
798.59 61.37441
799.0283 62.30321
799.4133 63.17973
799.7472 63.99345
800.0519 64.81086
800.3317 65.67056
800.5583 66.54663
800.7158 67.69585
800.7988 69.04187
800.8185 70.42924
800.8007 71.68408
800.7549 72.81425
800.6884 73.86766
800.5999 74.95294
800.494 76.07314
800.3843 77.15221
800.2742 78.19483
800.1613 79.22385
800.0496 80.20065
799.9361 81.12483
799.8144 82.02697
799.6836 82.9012
799.5473 83.73077
799.3985 84.54727
799.2184 85.41214
799.0133 86.30862
798.8008 87.18502
798.5778 88.06317
798.3441 88.95231
798.1115 89.81998
797.8888 90.64267
797.6614 91.46401
797.4209 92.30328
797.1716 93.12471
796.9187 93.90503
796.6257 94.70293
796.2775 95.53976
795.8925 96.37948
795.4712 97.22536
795.012 98.09068
794.5291 98.96392
794.077 99.76233
793.6422 100.5143
793.1852 101.294
792.6942 102.124
792.189 102.9665
791.6898 103.7953
791.2187 104.5812
790.7552 105.3479
790.2703 106.1429
789.77 106.9635
789.2803 107.7701
788.8191 108.5338
788.3508 109.3096
787.8621 110.1174
787.373 110.9242
786.9008 111.6992
786.4546 112.4259
786.0114 113.1382
785.5494 113.8673
785.0874 114.5847
784.6261 115.293
784.1785 115.9765
783.7424 116.6415
783.314 117.2967
782.8734 117.9727
782.4348 118.6462
782.0007 119.3127
781.5704 119.973
781.1096 120.6751
780.6195 121.4225
780.134 122.1689
779.6451 122.9221
779.1176 123.7375
778.5638 124.5983
778.0204 125.4469
777.4929 126.2769
776.9978 127.0624
776.517 127.8288
776.0353 128.5953
775.5659 129.3419
775.0988 130.086
774.6213 130.851
774.1099 131.6731
773.5768 132.528
773.0846 133.3166
772.6229 134.0575
772.1516 134.8104
771.6356 135.6266
771.0614 136.521
770.4582 137.4491
769.8538 138.3723
769.2635 139.2734
768.6996 140.1365
768.155 140.9731
767.6401 141.7656
767.1614 142.5027
766.7 143.2134
766.2368 143.9282
765.757 144.6645
765.2334 145.4647
764.6852 146.3051
764.1746 147.0902
763.6897 147.8388
763.1957 148.598
762.6619 149.4116
762.0992 150.2655
761.546 151.1074
761.0269 151.9002
760.4916 152.7252
759.9263 153.6035
759.343 154.5139
758.7761 155.4024
758.2306 156.2629
757.7014 157.1052
757.1774 157.9372
756.6239 158.8134
756.0397 159.7357
755.4464 160.6678
754.8746 161.564
754.3456 162.3931
753.8245 163.2171
753.2703 164.0969
752.6948 165.0083
752.1004 165.9486
751.4656 166.9562
750.8362 167.9485
750.2617 168.8488
749.749 169.6495
749.2672 170.4032
748.785 171.1613
748.2947 171.9355
747.8004 172.718
747.3061 173.5004